901	0
903	13019	0
904	15024	0
905	12108	0
906	10016	10022	10023	10161	0
907	12113	0
908	11036	0
1001	0
1002	1003	0
1003	1002	1004	0
1004	1003	1009	1010	0
1005	1006	4020	4104	0
1006	1005	1007	4104	0
1007	1006	1102	2002	0
1008	1012	1024	1026	1027	0
1009	1004	1010	1011	0
1010	1004	1009	1011	0
1011	1009	1010	0
1012	1008	1024	1026	1027	0
1013	1025	1026	0
1014	1015	1023	0
1015	1014	1023	0
1016	1116	2007	2020	0
1017	1018	0
1018	1017	0
1019	0
1020	0
1022	2014	0
1023	1014	1015	0
1024	1008	1012	1026	1027	0
1025	1013	1027	0
1026	1008	1012	1013	1024	1027	0
1027	1008	1012	1024	1025	1026	0
1102	1007	2002	0
1116	1016	2007	2020	0
2001	2003	0
2002	1007	1102	2005	2101	0
2003	2001	2004	0
2004	2003	0
2005	2002	2101	0
2006	2008	0
2007	1016	1116	2011	0
2008	2006	2009	0
2009	2008	2011	0
2010	2102	2108	0
2011	2007	2009	0
2012	2015	0
2013	9023	0
2014	1022	2015	2020	0
2015	2012	2014	0
2016	2107	10105	0
2020	1016	1116	2014	0
2021	2101	0
2022	9012	0
2101	2002	2005	2021	0
2102	2010	2108	0
2107	2016	10003	10105	0
2108	2010	2102	0
3001	0
3002	3013	0
3003	11043	0
3005	0
3006	0
3007	0
3008	0
3009	3010	0
3010	3009	3014	4021	0
3011	0
3012	3101	0
3013	3002	0
3014	3010	4021	0
3101	3012	10002	0
4001	0
4002	0
4003	0
4005	4009	4105	0
4006	0
4007	4101	11001	12001	0
4009	4005	0
4010	0
4011	0
4012	4015	0
4013	0
4014	0
4015	4012	0
4016	4017	4103	0
4017	4016	4018	4019	0
4018	4017	4019	0
4019	4017	4018	4020	0
4020	1005	4019	4104	0
4021	3010	3014	4104	0
4101	4007	4107	11001	0
4103	4016	0
4104	1005	1006	4020	4021	0
4105	4005	0
4107	4101	0
5001	5002	5008	5033	6016	6020	6031	0
5002	5001	5008	5030	0
5003	5005	5006	0
5004	0
5005	5003	0
5006	5003	0
5007	0
5008	5001	5002	5009	0
5009	5008	0
5010	6104	0
5012	0
5013	0
5014	5015	0
5015	5014	0
5016	5017	0
5017	5016	5032	0
5018	0
5019	5107	0
5020	0
5021	5022	0
5022	5021	0
5023	0
5024	5031	5110	0
5026	0
5027	0
5028	5034	0
5029	0
5030	5002	6031	0
5031	5024	5110	0
5032	5017	0
5033	5001	6020	0
5034	5028	0
5035	13014	13104	13514	0
5104	0
5105	13006	0
5106	6029	0
5107	5019	0
5110	5024	5031	0
6001	6021	0
6002	6021	0
6003	6032	6103	0
6004	6030	0
6005	14127	0
6006	0
6007	6010	0
6008	6018	0
6009	0
6010	6007	0
6012	6022	0
6013	6014	0
6014	6013	6015	0
6015	6014	0
6016	5001	6020	6031	0
6017	0
6018	6008	0
6020	5001	5033	6016	0
6021	6001	6002	0
6022	6012	6028	0
6024	6032	0
6025	6030	6103	6107	0
6026	0
6027	0
6028	6022	0
6029	5106	0
6030	6004	6025	0
6031	5001	5030	6016	0
6032	6003	6024	0
6103	6003	6025	0
6104	5010	0
6107	6025	0
6108	7002	0
7001	0
7002	6108	0
7003	7101	0
7004	7101	0
7005	0
7006	0
7007	0
7008	0
7009	0
7010	0
7011	7102	0
7012	0
7013	0
7014	0
7015	0
7016	0
7017	0
7018	0
7019	0
7020	0
7021	0
7022	0
7023	0
7024	0
7025	0
7101	7003	7004	0
7102	7011	0
7103	0
8001	0
8003	8052	8115	0
8004	8005	0
8005	8004	9034	0
8007	8009	8016	8108	9104	0
8008	8017	8108	8110	0
8009	8007	8108	9104	0
8010	8101	0
8011	0
8012	17050	0
8013	8039	8040	0
8015	8113	0
8016	8007	0
8017	8008	8110	0
8018	8113	0
8019	0
8020	8051	0
8025	8026	0
8026	8025	0
8027	0
8028	8052	8057	8104	0
8029	0
8030	8038	0
8031	0
8032	0
8033	0
8034	8103	0
8035	0
8036	0
8037	0
8038	8030	0
8039	8013	8050	0
8040	8013	8041	8105	0
8041	8040	8049	8105	8549	0
8044	17025	0
8045	8046	0
8046	8045	0
8047	8105	0
8048	16015	0
8049	8041	8105	8115	8549	0
8050	8039	0
8051	8020	0
8052	8003	8028	8104	8115	0
8053	8054	8102	8104	0
8054	8053	0
8055	17045	0
8056	8057	0
8057	8028	8056	0
8101	8010	9035	0
8102	8053	0
8103	8034	0
8104	8028	8052	8053	0
8105	8040	8041	8047	8049	8549	0
8108	8007	8008	8009	9104	0
8110	8008	8017	0
8113	8015	8018	0
8115	8003	8049	8052	8549	0
8549	8041	8049	8105	8115	0
9001	9002	10020	0
9002	9001	0
9003	18007	0
9004	9005	9006	0
9005	9004	9006	0
9006	9004	9005	0
9007	9008	0
9008	9007	9108	0
9009	9010	9101	9108	9113	0
9010	9009	9101	9108	0
9011	0
9012	2022	0
9013	0
9014	9015	9111	0
9015	9014	9016	0
9016	9015	9021	0
9017	18041	0
9018	9019	18042	0
9019	9018	9020	18042	0
9020	9019	9021	0
9021	9016	9020	0
9022	9023	9024	0
9023	2013	9022	0
9024	9022	9031	0
9025	9029	0
9026	0
9027	18043	0
9028	0
9029	9025	9030	9102	0
9030	9029	9031	0
9031	9024	9030	0
9032	9033	9104	9106	0
9033	9032	9104	9106	0
9034	8005	0
9035	8101	9036	0
9036	9035	9102	0
9037	0
9038	18043	18044	0
9101	9009	9010	0
9102	9029	9036	0
9104	8007	8009	8108	9032	9033	0
9106	9032	9033	0
9108	9008	9009	9010	0
9111	9014	0
9113	9009	0
10001	10011	0
10002	3101	10004	0
10003	2107	10105	0
10004	10002	10105	0
10005	10042	0
10006	10007	0
10007	10006	10009	0
10008	10009	10010	0
10009	10007	10008	10012	0
10010	10008	0
10011	10001	0
10012	10009	10016	0
10013	10014	0
10014	10013	0
10015	10111	0
10016	906	10012	10023	10161	0
10017	10018	0
10018	10017	10022	0
10019	0
10020	9001	0
10021	10022	10152	0
10022	906	10018	10021	0
10023	906	10016	10161	0
10024	10032	10113	0
10025	0
10026	10034	18040	0
10027	10151	0
10028	10029	10033	10107	10152	10153	0
10029	10028	10033	10107	0
10031	0
10032	10024	10113	0
10033	10028	10029	10107	0
10034	10026	18040	0
10035	0
10036	0
10037	19116	0
10038	10115	0
10039	0
10040	0
10041	18107	0
10042	10005	0
10105	2016	2107	10003	10004	0
10107	10028	10029	10033	0
10110	0
10111	10015	0
10113	10024	10032	0
10114	10115	0
10115	10038	10114	0
10151	10027	10153	0
10152	10021	10028	10153	0
10153	10028	10151	10152	0
10161	906	10016	10023	0
11001	4007	4101	0
11002	11003	0
11003	11002	0
11004	0
11006	0
11007	11101	11112	0
11008	11107	0
11009	11102	0
11010	11012	0
11011	0
11012	11010	11013	11016	0
11013	11012	11014	0
11014	11013	12014	20001	0
11016	11012	0
11017	0
11018	11028	0
11019	11104	0
11020	0
11021	20131	0
11022	11023	0
11023	11022	0
11024	0
11025	11033	0
11026	0
11027	11041	0
11028	11018	0
11029	0
11030	11105	0
11031	11044	11105	0
11032	0
11033	11025	0
11034	11035	0
11035	11034	0
11036	908	0
11038	11040	0
11039	11042	11109	11113	0
11040	11038	0
11041	11027	0
11042	11039	11044	0
11043	3003	11045	0
11044	11031	11042	0
11045	11043	0
11101	11007	0
11102	11009	0
11103	0
11104	11019	20014	0
11105	11030	11031	0
11107	11008	0
11109	11039	11113	0
11110	0
11111	11112	0
11112	11007	11111	0
11113	11039	11109	0
12001	4007	0
12002	0
12003	0
12004	0
12005	0
12006	12151	0
12007	12151	0
12008	12009	12101	0
12009	12008	0
12010	0
12011	0
12012	0
12013	0
12014	11014	12018	0
12015	20001	0
12016	0
12017	0
12018	12014	0
12019	0
12020	20047	0
12021	0
12022	0
12023	12042	0
12025	12108	0
12026	12108	0
12027	0
12028	12109	0
12029	0
12030	0
12031	12033	0
12032	0
12033	12031	12034	12110	0
12034	12033	0
12035	0
12036	0
12037	0
12038	0
12039	0
12040	0
12041	0
12042	12023	0
12101	12008	0
12102	12151	0
12105	0
12106	0
12107	0
12108	905	12025	12026	0
12109	12028	0
12110	12033	0
12111	0
12112	0
12113	907	0
12114	0
12115	20004	0
12119	0
12120	0
12122	0
12123	0
12124	0
12125	0
12126	0
12151	12006	12007	12102	0
13001	0
13002	0
13004	0
13005	0
13006	5105	0
13007	0
13008	13010	0
13009	0
13010	13008	0
13011	0
13013	0
13014	5035	13104	13514	0
13015	0
13016	13051	13054	0
13017	0
13018	0
13019	903	0
13020	0
13021	13048	0
13022	0
13023	13106	0
13024	0
13025	0
13026	0
13027	0
13028	13111	0
13029	13106	13122	0
13030	0
13031	13032	13110	0
13032	13031	0
13033	0
13034	0
13035	0
13036	0
13037	13113	0
13038	0
13039	0
13040	13117	0
13041	0
13042	0
13043	0
13044	0
13045	0
13046	13118	0
13047	13120	0
13048	13021	0
13050	0
13051	13016	0
13052	13053	0
13053	13052	0
13054	13016	0
13055	0
13101	0
13103	0
13104	5035	13014	0
13106	13023	13029	0
13107	0
13109	0
13110	13031	0
13111	13028	0
13113	13037	0
13114	0
13116	0
13117	13040	0
13118	13046	0
13120	13047	0
13121	0
13122	13029	0
13123	0
13151	0
13514	5035	13014	0
14001	14101	14127	0
14002	0
14003	0
14004	0
14005	0
14006	0
14007	0
14008	0
14009	14125	0
14010	0
14011	0
14012	0
14013	14015	0
14014	0
14015	14013	0
14016	0
14017	0
14018	14107	14120	0
14019	0
14020	14116	0
14021	14115	0
14022	0
14023	0
14024	0
14025	14027	0
14026	0
14027	14025	0
14028	0
14029	0
14030	14104	0
14032	0
14033	14036	0
14034	14114	0
14035	14117	0
14036	14033	0
14037	0
14101	14001	14127	0
14103	0
14104	14030	0
14106	14122	0
14107	14018	0
14108	14120	0
14110	0
14111	0
14112	0
14113	0
14114	14034	0
14115	14021	0
14116	14020	0
14117	14035	0
14120	14018	14108	0
14122	14106	0
14124	0
14125	14009	0
14126	0
14127	6005	14001	14101	15001	15118	0
15001	14127	15002	15118	0
15002	15001	15003	15118	0
15003	15002	15115	0
15004	15113	15114	0
15005	0
15006	0
15008	0
15009	0
15010	0
15011	0
15012	0
15013	0
15014	0
15016	15112	0
15017	15027	0
15018	0
15019	0
15020	0
15021	0
15022	15123	0
15023	0
15024	904	0
15025	15105	0
15026	0
15027	15017	0
15028	15067	0
15029	0
15030	0
15031	0
15032	0
15033	0
15034	15036	0
15035	0
15036	15034	0
15037	0
15038	0
15039	15122	0
15040	0
15041	0
15042	0
15043	0
15044	0
15045	0
15046	0
15047	0
15048	0
15049	15107	15126	0
15051	0
15052	0
15053	0
15054	0
15055	0
15056	15110	0
15058	0
15059	0
15060	15103	0
15061	15107	0
15062	0
15063	15109	0
15064	15065	0
15065	15064	0
15067	15028	0
15068	0
15069	0
15070	0
15071	0
15102	0
15103	15060	0
15104	0
15105	15025	0
15106	0
15107	15049	15061	0
15108	0
15109	15063	0
15110	15056	0
15111	0
15112	15016	0
15113	15004	0
15114	15004	0
15115	15003	0
15118	14127	15001	15002	0
15120	0
15122	15039	0
15123	15022	0
15125	0
15126	15049	0
16001	0
16002	16101	0
16003	22011	0
16004	16135	0
16005	0
16006	0
16007	0
16008	0
16009	0
16010	0
16011	0
16012	0
16013	0
16014	0
16015	8048	0
16016	0
16017	16110	0
16018	0
16019	16130	0
16020	0
16021	16111	0
16022	16043	16112	0
16023	0
16024	0
16025	0
16026	0
16027	0
16028	0
16029	0
16030	0
16031	0
16032	0
16033	0
16034	0
16035	0
16036	0
16037	0
16038	0
16039	16041	0
16040	0
16041	16039	0
16042	0
16043	16022	16111	0
16044	0
16101	16002	17042	0
16102	0
16103	0
16104	0
16105	0
16107	0
16108	0
16110	16017	0
16111	16021	16043	0
16112	16022	0
16115	0
16116	0
16118	0
16121	0
16122	0
16124	0
16129	0
16130	16019	0
16135	16004	0
17001	18047	0
17002	17004	18045	18046	0
17003	0
17004	17002	0
17005	17111	0
17006	0
17007	0
17008	17109	0
17009	0
17010	17108	0
17011	17106	0
17012	17050	0
17013	0
17014	21102	0
17015	17048	0
17016	0
17017	0
17018	17019	0
17019	17018	0
17020	17021	0
17021	17020	0
17022	0
17023	0
17024	0
17025	8044	0
17026	0
17027	17047	0
17028	0
17029	0
17030	0
17031	17032	17107	0
17032	17031	0
17033	0
17036	0
17037	0
17038	0
17039	17040	0
17040	17039	17043	0
17041	17101	0
17042	16101	0
17043	17040	0
17044	17115	0
17045	8055	0
17046	0
17047	17027	0
17048	17015	0
17049	17117	0
17050	8012	17012	0
17101	17041	0
17102	0
17104	0
17105	0
17106	17011	0
17107	17031	0
17108	17010	0
17109	17008	0
17110	0
17111	17005	0
17115	17044	0
17116	0
17117	17049	0
17119	0
18001	18003	18113	0
18002	0
18003	18001	18113	18114	0
18004	0
18005	18006	0
18006	18005	0
18007	9003	0
18008	18014	0
18009	0
18010	18109	0
18011	0
18012	18014	0
18013	0
18014	18008	18012	0
18015	0
18016	0
18017	0
18018	0
18019	18027	0
18020	0
18021	0
18022	18023	18024	0
18023	18022	18024	0
18024	18022	18023	0
18025	0
18026	0
18027	18019	0
18028	0
18029	0
18030	0
18031	0
18032	0
18033	0
18034	18112	0
18035	0
18036	0
18037	0
18038	18102	0
18039	19109	0
18040	10026	10034	0
18041	9017	0
18042	9018	9019	0
18043	9027	9038	0
18044	9038	0
18045	17002	18046	0
18046	17002	18045	0
18047	17001	0
18048	0
18049	0
18101	0
18102	18038	0
18103	0
18104	0
18105	0
18107	10041	0
18108	0
18109	18010	0
18110	0
18111	0
18112	18034	0
18113	18001	18003	0
18114	18003	0
18122	0
19001	0
19002	0
19003	19004	0
19004	19003	0
19005	19029	0
19006	0
19007	0
19008	19033	0
19009	0
19010	0
19011	0
19012	19022	0
19013	0
19014	0
19015	0
19016	0
19017	19018	0
19018	19017	19046	0
19019	0
19020	19103	0
19021	0
19022	19012	0
19023	0
19024	0
19025	0
19026	0
19027	0
19028	19121	0
19029	19005	0
19031	0
19033	19008	0
19034	0
19035	0
19036	0
19037	20110	0
19038	20112	0
19039	19119	0
19040	0
19041	0
19043	0
19044	0
19045	0
19046	19018	0
19101	0
19102	0
19103	19020	0
19105	0
19106	0
19109	18039	0
19110	0
19113	0
19114	19119	0
19115	0
19116	10037	0
19117	0
19118	0
19119	19039	19114	0
19120	0
19121	19028	0
19124	0
19125	0
20001	11014	12015	0
20002	0
20004	12115	0
20005	0
20006	0
20007	0
20008	20132	0
20009	20044	20133	0
20011	20016	0
20012	20013	20116	0
20013	20012	0
20014	11104	20015	0
20015	20014	0
20016	20011	0
20017	20118	0
20018	20122	0
20020	0
20021	0
20022	20045	20115	0
20023	0
20024	20025	20106	0
20025	20024	20106	0
20026	0
20027	20103	0
20028	0
20029	32601	0
20030	0
20031	20032	0
20032	20031	0
20033	0
20034	20121	0
20035	20119	0
20036	20119	0
20037	0
20038	20120	0
20039	0
20040	20113	0
20041	0
20042	0
20043	0
20044	20009	20133	0
20045	20022	20104	20115	0
20047	12020	0
20048	0
20103	20027	0
20104	20045	0
20105	0
20106	20024	20025	0
20107	0
20108	0
20109	0
20110	19037	0
20111	0
20112	19038	0
20113	20040	0
20115	20022	20045	0
20116	20012	20132	0
20117	0
20118	20017	0
20119	20035	20036	0
20120	20038	31708	0
20121	20034	0
20122	20018	0
20131	11021	0
20132	20008	20116	0
20133	20009	20044	0
20503	0
21001	0
21002	0
21003	0
21004	0
21005	0
21006	0
21007	0
21008	0
21009	0
21010	0
21011	21012	0
21012	21011	0
21013	0
21014	0
21015	0
21016	0
21017	0
21018	0
21019	0
21020	0
21021	0
21101	0
21102	17014	0
21103	0
21104	0
21105	0
21106	0
21107	0
21108	0
21109	0
21110	0
21111	0
21112	0
21113	0
21201	0
21202	0
21203	0
21204	0
21205	0
21206	0
21207	0
21208	0
21209	0
21210	0
21211	0
21301	0
21302	0
21303	0
21304	0
21305	0
21306	0
21307	0
21308	0
21309	0
21310	0
21311	0
21501	0
21502	21503	0
21503	21502	0
21701	0
21702	0
21703	0
21704	0
21705	0
21706	22401	0
21707	0
22001	0
22002	0
22003	0
22004	22005	0
22005	22004	22006	0
22006	22005	0
22007	0
22008	0
22009	22010	0
22010	22009	0
22011	16003	0
22012	0
22013	0
22014	0
22101	0
22401	21706	0
22402	0
22403	0
22404	0
22405	0
22406	0
22407	0
23001	0
23002	0
23003	0
23004	0
23005	0
23006	0
23007	0
23008	0
23009	0
23010	0
23011	0
28001	0
28002	0
28003	0
31001	0
31002	0
31003	0
31004	31709	0
31005	31709	0
31006	0
31007	0
31008	0
31009	0
31010	0
31011	0
31012	0
31013	0
31701	0
31702	0
31703	0
31704	0
31705	31706	0
31706	31705	0
31707	0
31708	20120	0
31709	31004	31005	0
32001	0
32003	32006	0
32004	0
32006	32003	0
32008	0
32601	20029	0
32602	0
32603	32605	0
32604	0
32605	32603	0
32606	0
33001	0
33003	0
33005	0
33006	0
33007	0
33009	0
33010	0
33011	0
33012	0
33013	0
33102	0
33103	0
33104	0
34001	0
34002	0
34003	0
34004	0
34005	0
34006	0
34007	0
34008	0
34009	0
34010	0
34011	0
35001	0
35002	0
35003	0
35004	35005	0
35005	35004	0
35006	0
35007	0
35008	35014	0
35009	0
35010	0
35011	0
35012	0
35013	0
35014	35008	0
41101	0
41102	0
41103	0
41201	0
41202	0
41203	0
41301	0
41302	0
41601	0
41602	0
41603	0
41604	0
41605	0
42001	42004	0
42002	42014	0
42003	0
42004	42001	0
42005	0
42006	0
42007	0
42008	0
42009	0
42010	0
42011	0
42012	0
42013	0
42014	42002	0
42015	0
42016	0
42201	0
42202	0
42203	0
42205	0
42206	0
42207	0
42501	0
42502	0
42503	0
42504	0
42505	0
42701	0
42702	42704	0
42704	42702	0
42705	42707	0
42706	0
42707	42705	0
43001	0
43002	0
43003	0
43004	0
43005	0
43006	0
43007	0
43008	0
43009	0
43010	0
43401	0
44101	0
44102	0
237	0
