901	0
903	13019	13123	0
904	15024	0
905	12025	12026	12108	0
906	10016	10017	10018	10022	10023	10161	0
907	12113	0
908	10011	11036	11038	0
1001	6014	0
1002	1003	1004	1010	4002	4018	0
1003	1002	1004	1005	1009	1010	4018	4020	0
1004	1002	1003	1005	1009	1010	4020	0
1005	1003	1004	1006	1007	4020	4021	4104	0
1006	1005	1007	1102	3014	4020	4021	4104	0
1007	1005	1006	1102	2002	2005	4104	0
1008	1012	1024	1026	1027	2002	2005	2006	0
1009	1003	1004	1010	1011	1027	0
1010	1002	1003	1004	1009	1011	0
1011	1009	1010	1025	1027	0
1012	1008	1013	1024	1025	1026	1027	0
1013	1012	1015	1023	1025	1026	1027	0
1014	1015	1023	0
1015	1013	1014	1016	1023	0
1016	1015	1116	2007	2020	0
1017	1018	1019	1022	0
1018	1017	1019	0
1019	1017	1018	1020	1022	0
1020	1019	0
1022	1017	1019	2014	2020	0
1023	1013	1014	1015	0
1024	1008	1012	1026	1027	2002	2005	2006	0
1025	1011	1012	1013	1026	1027	0
1026	1008	1012	1013	1024	1025	1027	0
1027	1008	1009	1011	1012	1013	1024	1025	1026	0
1102	1006	1007	2002	2005	2101	0
1116	1016	2007	2014	2020	0
2001	2003	2004	3012	3014	0
2002	1007	1008	1024	1102	2005	2101	0
2003	2001	2004	2016	3012	0
2004	2001	2003	2016	2101	0
2005	1007	1008	1024	1102	2002	2006	2021	2101	0
2006	1008	1024	2005	2008	2021	2101	0
2007	1016	1116	2008	2009	2011	2020	0
2008	2006	2007	2009	2011	2021	0
2009	2007	2008	2011	2012	2102	2108	0
2010	2022	2102	2108	9012	0
2011	2007	2008	2009	2012	0
2012	2009	2011	2013	2014	2015	9023	0
2013	2012	2102	2108	9013	9022	9023	0
2014	1022	1116	2012	2015	2020	0
2015	2012	2014	9023	0
2016	2003	2004	2107	3012	10003	10105	0
2020	1016	1022	1116	2007	2014	0
2021	2005	2006	2008	2101	0
2022	2010	2102	2107	9012	10003	10042	0
2101	1102	2002	2004	2005	2006	2021	0
2102	2009	2010	2013	2022	2108	0
2107	2016	2022	9012	10003	10042	10105	0
2108	2009	2010	2013	2102	9013	0
3001	3002	4107	11033	0
3002	3001	3013	0
3003	11040	11043	11045	0
3005	3006	3011	10001	0
3006	3005	3007	0
3007	3006	3009	0
3008	4013	0
3009	3007	3010	4014	4021	0
3010	3009	3014	4021	0
3011	3005	3012	0
3012	2001	2003	2016	3011	3101	10002	0
3013	3002	4010	0
3014	1006	2001	3010	4021	4104	0
3101	3012	10002	10004	0
4001	4002	4003	5009	0
4002	1002	4001	0
4003	4001	5107	0
4005	4009	4105	0
4006	12003	0
4007	4101	11001	12001	0
4009	4005	4010	0
4010	3013	4009	4012	0
4011	4012	4015	0
4012	4010	4011	4015	0
4013	3008	4014	0
4014	3009	4013	4103	0
4015	4011	4012	4016	4103	0
4016	4015	4017	4018	4103	0
4017	4016	4018	4019	4103	0
4018	1002	1003	4016	4017	4019	4020	4103	0
4019	4017	4018	4020	4021	4103	0
4020	1003	1004	1005	1006	4018	4019	4021	4104	0
4021	1005	1006	3009	3010	3014	4019	4020	4104	0
4101	4007	4107	11001	12001	0
4103	4014	4015	4016	4017	4018	4019	0
4104	1005	1006	1007	3014	4020	4021	0
4105	4005	0
4107	3001	4101	11001	11033	0
5001	5002	5008	5009	5030	5033	6016	6020	6031	0
5002	5001	5007	5008	5009	5030	5033	6031	0
5003	5005	5006	5106	6029	0
5004	5010	5013	6104	0
5005	5003	5006	5010	5012	0
5006	5003	5005	5012	5032	5106	0
5007	5002	5008	5017	5018	5030	5032	0
5008	5001	5002	5007	5009	5030	5033	6031	0
5009	4001	5001	5002	5008	5033	0
5010	5004	5005	6104	0
5012	5005	5006	5013	5016	5032	0
5013	5004	5012	0
5014	5015	0
5015	5014	5024	5026	5034	5110	0
5016	5012	5017	5022	5110	0
5017	5007	5016	5018	5022	5032	0
5018	5007	5017	5019	5021	5022	5107	0
5019	5018	5020	5021	5107	0
5020	5019	5021	0
5021	5018	5019	5020	5022	5023	0
5022	5016	5017	5018	5021	5023	5110	0
5023	5021	5022	5031	0
5024	5015	5028	5031	5034	5110	0
5026	5015	5027	0
5027	5026	13005	13007	0
5028	5024	5031	5034	5104	5105	0
5029	0
5030	5001	5002	5007	5008	5106	6029	6031	0
5031	5023	5024	5028	5110	0
5032	5006	5007	5012	5017	0
5033	5001	5002	5008	5009	6016	6020	6031	0
5034	5015	5024	5028	5105	0
5035	13014	13104	13514	0
5104	5028	0
5105	5028	5034	13006	0
5106	5003	5006	5030	6029	6031	0
5107	4003	5018	5019	0
5110	5015	5016	5022	5024	5031	0
6001	6002	6013	6021	0
6002	6001	6012	6021	6024	0
6003	6024	6032	6103	6107	0
6004	6025	6026	6027	6030	0
6005	6006	6007	14001	14127	0
6006	6005	6007	0
6007	6005	6006	6008	6010	0
6008	6007	6010	6018	0
6009	0
6010	6007	6008	6018	0
6012	6002	6022	6032	0
6013	6001	6014	6015	6021	0
6014	1001	6013	6015	0
6015	6013	6014	6016	6020	6028	0
6016	5001	5033	6015	6020	6028	6031	0
6017	6022	6028	6029	0
6018	6008	6010	6104	0
6020	5001	5033	6015	6016	6031	0
6021	6001	6002	6013	0
6022	6012	6017	6028	6032	0
6024	6002	6003	6032	7004	0
6025	6004	6026	6030	6103	6107	0
6026	6004	6025	6030	6107	7003	0
6027	6004	6108	15001	0
6028	6015	6016	6017	6022	0
6029	5003	5030	5106	6017	6031	0
6030	6004	6025	6026	6103	6107	0
6031	5001	5002	5008	5030	5033	5106	6016	6020	6029	0
6032	6003	6012	6022	6024	6103	0
6103	6003	6025	6030	6032	6107	0
6104	5004	5010	6018	0
6107	6003	6025	6026	6030	6103	7003	7101	0
6108	6027	7002	0
7001	7013	0
7002	6108	0
7003	6026	6107	7004	7101	0
7004	6024	7003	7005	7101	0
7005	7004	0
7006	0
7007	7008	0
7008	7007	0
7009	7011	0
7010	0
7011	7009	7102	0
7012	0
7013	7001	0
7014	0
7015	7102	0
7016	0
7017	7020	0
7018	0
7019	7020	7103	0
7020	7017	7019	0
7021	7024	0
7022	0
7023	0
7024	7021	7103	0
7025	15071	0
7101	6107	7003	7004	0
7102	7011	7015	0
7103	7019	7024	0
8001	0
8003	8028	8049	8052	8104	8115	8549	0
8004	8005	9034	0
8005	8004	9034	0
8007	8008	8009	8016	8017	8108	9033	9104	0
8008	8007	8009	8015	8016	8017	8018	8108	8110	8113	0
8009	8007	8008	8016	8108	9032	9033	9104	0
8010	8011	8101	9035	9036	9037	0
8011	8010	8012	8019	9037	17050	0
8012	8011	9037	17050	18044	0
8013	8030	8031	8039	8040	8041	8050	0
8015	8008	8016	8113	0
8016	8007	8008	8009	8015	8108	0
8017	8007	8008	8018	8108	8110	8113	0
8018	8008	8017	8027	8110	8113	0
8019	8011	8020	8051	0
8020	8019	8051	17012	17024	0
8025	8026	8032	8113	0
8026	8025	8035	8113	0
8027	8018	0
8028	8003	8052	8056	8057	8104	8115	0
8029	8030	0
8030	8013	8029	8038	0
8031	8013	8039	0
8032	8025	0
8033	8034	8039	8050	8103	0
8034	8033	8103	0
8035	8026	8036	0
8036	8035	0
8037	17024	0
8038	8030	0
8039	8013	8031	8033	8040	8050	0
8040	8013	8039	8041	8049	8050	8105	8549	0
8041	8013	8040	8049	8105	8115	8549	0
8044	17025	0
8045	8046	0
8046	8045	0
8047	8048	8049	8105	8549	0
8048	8047	8049	8105	8549	16015	0
8049	8003	8040	8041	8047	8048	8052	8105	8115	8549	0
8050	8013	8033	8039	8040	8103	0
8051	8019	8020	17012	17024	0
8052	8003	8028	8049	8053	8057	8102	8104	8115	8549	0
8053	8052	8054	8102	8104	0
8054	8053	8055	8104	0
8055	8054	17045	0
8056	8028	8057	8104	17033	17046	0
8057	8028	8052	8056	8104	17033	0
8101	8010	9035	9036	0
8102	8052	8053	8103	8104	0
8103	8033	8034	8050	8102	0
8104	8003	8028	8052	8053	8054	8056	8057	8102	8115	0
8105	8040	8041	8047	8048	8049	8115	8549	0
8108	8007	8008	8009	8016	8017	9104	0
8110	8008	8017	8018	0
8113	8008	8015	8017	8018	8025	8026	0
8115	8003	8028	8041	8049	8052	8104	8105	8549	0
8549	8003	8040	8041	8047	8048	8049	8052	8105	8115	0
9001	9002	9009	9108	9113	10020	0
9002	9001	9007	10020	10028	10029	0
9003	9004	9006	18002	18007	0
9004	9003	9005	9006	18002	18006	0
9005	9004	9006	18005	18006	0
9006	9003	9004	9005	9007	0
9007	9002	9006	9008	9108	0
9008	9007	9010	9017	9108	0
9009	9001	9010	9101	9108	9113	0
9010	9008	9009	9101	9108	9113	0
9011	9012	9013	9101	10005	0
9012	2010	2022	2107	9011	10003	10042	0
9013	2013	2108	9011	9014	9022	9111	0
9014	9013	9015	9016	9101	9111	0
9015	9014	9016	9021	9101	9111	0
9016	9014	9015	9020	9021	0
9017	9008	9019	18041	0
9018	9019	9020	9027	18041	18042	18043	0
9019	9017	9018	9020	9026	9027	18042	0
9020	9016	9018	9019	9021	9026	0
9021	9015	9016	9020	9025	0
9022	2013	9013	9023	9024	9111	0
9023	2012	2013	2015	9022	9024	0
9024	9022	9023	9031	9111	0
9025	9021	9029	9030	9031	9111	0
9026	9019	9020	9028	9029	0
9027	9018	9019	9028	9038	18042	18043	0
9028	9026	9027	9036	9037	0
9029	9025	9026	9030	9031	9036	9102	0
9030	9025	9029	9031	9102	0
9031	9024	9025	9029	9030	9032	0
9032	8009	9031	9033	9104	9106	0
9033	8007	8009	9032	9104	9106	0
9034	8004	8005	0
9035	8010	8101	9036	9102	0
9036	8010	8101	9028	9029	9035	9102	0
9037	8010	8011	8012	9028	9038	0
9038	9027	9037	18043	18044	0
9101	9009	9010	9011	9014	9015	9108	9113	0
9102	9029	9030	9035	9036	0
9104	8007	8009	8108	9032	9033	9106	0
9106	9032	9033	9104	0
9108	9001	9007	9008	9009	9010	9101	9113	0
9111	9013	9014	9015	9022	9024	9025	0
9113	9001	9009	9010	9101	9108	10005	0
10001	3005	10008	10010	10011	0
10002	3012	3101	10004	10105	0
10003	2016	2022	2107	9012	10004	10042	10105	0
10004	3101	10002	10003	10006	10007	10105	0
10005	9011	9113	10042	0
10006	10004	10007	10009	10017	10019	0
10007	10004	10006	10009	10012	10017	0
10008	10001	10009	10010	10012	0
10009	10006	10007	10008	10010	10012	10017	0
10010	10001	10008	10009	10011	10012	10014	0
10011	908	10001	10010	0
10012	10007	10008	10009	10010	10015	10016	10017	10161	0
10013	10014	10113	0
10014	10010	10013	10015	10111	0
10015	10012	10014	10016	10023	10111	10161	0
10016	906	10012	10015	10017	10018	10023	10161	0
10017	906	10006	10007	10009	10012	10016	10018	10022	10161	0
10018	906	10016	10017	10019	10021	10022	10161	0
10019	10006	10018	10020	0
10020	9001	9002	10019	10021	0
10021	10018	10020	10022	10152	10153	0
10022	906	10017	10018	10021	10152	10161	0
10023	906	10015	10016	10161	0
10024	10032	10113	11035	0
10025	10038	10110	10114	10115	0
10026	10034	10041	18040	0
10027	10151	10153	0
10028	9002	10029	10033	10107	10152	10153	0
10029	9002	10028	10033	10107	10152	10153	0
10031	10035	0
10032	10024	10113	0
10033	10028	10029	10107	10152	10153	0
10034	10026	10041	18040	0
10035	10031	10036	18040	0
10036	10035	10037	19003	19004	19109	0
10037	10036	10110	19116	0
10038	10025	10110	10115	0
10039	10040	0
10040	10039	19102	20041	0
10041	10026	10034	18009	18107	0
10042	2022	2107	9012	10003	10005	0
10105	2016	2107	10002	10003	10004	0
10107	10028	10029	10033	0
10110	10025	10037	10038	19116	0
10111	10014	10015	10114	0
10113	10013	10024	10032	11035	0
10114	10025	10111	10115	0
10115	10025	10038	10114	0
10151	10027	10152	10153	0
10152	10021	10022	10028	10029	10033	10151	10153	0
10153	10021	10027	10028	10029	10033	10151	10152	0
10161	906	10012	10015	10016	10017	10018	10022	10023	0
11001	4007	4101	4107	12001	0
11002	11003	11025	11033	0
11003	11002	11006	11025	0
11004	12004	0
11006	11003	11020	11022	11024	0
11007	11101	11107	11112	0
11008	11107	0
11009	11102	0
11010	11012	11013	12107	0
11011	11041	11044	11103	0
11012	11010	11013	11016	0
11013	11010	11012	11014	12014	0
11014	11013	12014	12015	20001	0
11016	11012	0
11017	20012	20013	20014	0
11018	11027	11028	11030	11105	0
11019	11104	11111	0
11020	11006	11022	11023	11112	0
11021	11110	20131	0
11022	11006	11020	11023	11024	0
11023	11020	11022	11110	0
11024	11006	11022	0
11025	11002	11003	11033	0
11026	11028	0
11027	11018	11041	0
11028	11018	11026	0
11029	20033	20039	0
11030	11018	11031	11105	0
11031	11030	11042	11044	11105	11109	0
11032	20039	0
11033	3001	4107	11002	11025	0
11034	11035	11109	11113	0
11035	10024	10113	11034	11036	0
11036	908	11035	11113	0
11038	908	11039	11040	0
11039	11038	11040	11042	11044	11109	11113	0
11040	3003	11038	11039	11042	11043	0
11041	11011	11027	0
11042	11031	11039	11040	11043	11044	11109	11113	0
11043	3003	11040	11042	11045	0
11044	11011	11031	11039	11042	0
11045	3003	11043	11103	0
11101	11007	11107	12005	0
11102	11009	11111	0
11103	11011	11045	0
11104	11019	20014	20015	0
11105	11018	11030	11031	0
11107	11007	11008	11101	0
11109	11031	11034	11039	11042	11113	0
11110	11021	11023	20131	0
11111	11019	11102	11112	0
11112	11007	11020	11111	0
11113	11034	11036	11039	11042	11109	0
12001	4007	4101	11001	12002	0
12002	12001	0
12003	4006	12102	13104	0
12004	11004	12005	12101	0
12005	11101	12004	0
12006	12007	12102	12151	0
12007	12006	12008	12102	12151	0
12008	12007	12009	12101	0
12009	12008	12011	12106	0
12010	12038	0
12011	12009	12106	0
12012	0
12013	12028	0
12014	11013	11014	12018	0
12015	11014	12016	20001	0
12016	12015	12017	0
12017	12016	0
12018	12014	0
12019	0
12020	12021	20005	20047	0
12021	12020	0
12022	12038	0
12023	12042	0
12025	905	12105	12108	0
12026	905	12108	0
12027	12028	12109	0
12028	12013	12027	12109	0
12029	12030	12109	0
12030	12029	0
12031	12033	12110	0
12032	0
12033	12031	12034	12110	0
12034	12033	12110	0
12035	12039	12112	0
12036	12037	0
12037	12036	12038	12111	0
12038	12010	12022	12037	0
12039	12035	12113	0
12040	0
12041	0
12042	12023	0
12101	12004	12008	0
12102	12003	12006	12007	12151	0
12105	12025	12106	0
12106	12009	12011	12105	0
12107	11010	0
12108	905	12025	12026	0
12109	12027	12028	12029	0
12110	12031	12033	12034	0
12111	12037	0
12112	12035	0
12113	907	12039	0
12114	12115	41602	0
12115	12114	20004	0
12119	42206	0
12120	0
12122	0
12123	0
12124	0
12125	0
12126	0
12151	12006	12007	12102	0
13001	14004	0
13002	14113	0
13004	13101	0
13005	5027	0
13006	5105	13103	0
13007	5027	0
13008	13010	13106	0
13009	13022	13023	13101	13106	0
13010	13008	13029	13106	0
13011	0
13013	13103	0
13014	5035	13104	13151	13514	0
13015	13043	0
13016	13051	13054	13055	0
13017	13042	0
13018	13043	0
13019	903	0
13020	0
13021	13048	14012	0
13022	13009	13024	0
13023	13009	13029	13106	0
13024	13022	0
13025	13109	0
13026	13110	0
13027	0
13028	13111	0
13029	13010	13023	13106	13122	0
13030	13035	13122	0
13031	13032	13110	0
13032	13031	13033	13110	0
13033	13032	0
13034	13122	0
13035	13030	13037	13113	13122	0
13036	13037	13114	0
13037	13035	13036	13039	13113	0
13038	13039	13040	13113	13117	0
13039	13037	13038	13041	13113	13114	0
13040	13038	13117	0
13041	13039	13117	0
13042	13017	13043	0
13043	13015	13018	13042	0
13044	13045	0
13045	13044	0
13046	13118	0
13047	13118	13120	0
13048	13021	0
13050	0
13051	13016	13054	0
13052	13053	0
13053	13052	13054	0
13054	13016	13051	13053	0
13055	13016	0
13101	13004	13009	0
13103	13006	13013	0
13104	5035	12003	13014	13514	0
13106	13008	13009	13010	13023	13029	0
13107	14007	0
13109	13025	0
13110	13026	13031	13032	0
13111	13028	0
13113	13035	13037	13038	13039	0
13114	13036	13039	0
13116	42015	0
13117	13038	13040	13041	0
13118	13046	13047	0
13120	13047	0
13121	0
13122	13029	13030	13034	13035	0
13123	903	0
13151	13014	13514	0
13514	5035	13014	13104	13151	0
14001	6005	14101	14127	15118	0
14002	14003	0
14003	14002	14033	0
14004	13001	0
14005	14009	14036	0
14006	14125	0
14007	13107	0
14008	0
14009	14005	14125	0
14010	14019	0
14011	0
14012	13021	14016	0
14013	14014	14015	0
14014	14013	14015	0
14015	14013	14014	0
14016	14012	0
14017	14108	14120	0
14018	14019	14107	14108	14120	0
14019	14010	14018	0
14020	14107	14116	0
14021	14037	14115	0
14022	14106	14122	0
14023	14106	0
14024	0
14025	14027	14110	0
14026	0
14027	14025	14028	0
14028	14027	0
14029	15027	0
14030	14034	14104	0
14032	0
14033	14003	14036	0
14034	14030	14035	14104	14114	0
14035	14034	14117	0
14036	14005	14033	0
14037	14021	14107	14110	0
14101	14001	14117	14127	15001	15002	15003	15118	0
14103	0
14104	14030	14034	0
14106	14022	14023	14122	0
14107	14018	14020	14037	0
14108	14017	14018	14120	0
14110	14025	14037	0
14111	14112	0
14112	14111	14113	0
14113	13002	14112	0
14114	14034	15114	0
14115	14021	0
14116	14020	21206	21210	0
14117	14035	14101	15003	15115	0
14120	14017	14018	14108	0
14122	14022	14106	0
14124	0
14125	14006	14009	0
14126	0
14127	6005	14001	14101	15001	15118	0
15001	6027	14101	14127	15002	15118	0
15002	14101	15001	15003	15006	15115	15118	0
15003	14101	14117	15002	15115	15118	0
15004	15005	15113	15114	15115	0
15005	15004	15008	15113	0
15006	15002	0
15008	15005	0
15009	0
15010	15011	15023	0
15011	15010	15012	0
15012	15011	0
15013	15014	0
15014	15013	15019	0
15016	15017	15018	15112	0
15017	15016	15018	15027	15040	15112	0
15018	15016	15017	0
15019	15014	15038	0
15020	15036	15037	15038	0
15021	15022	15034	15036	0
15022	15021	15023	15123	0
15023	15010	15022	15024	15123	0
15024	904	15023	0
15025	15105	15106	0
15026	15067	0
15027	14029	15017	15112	0
15028	15067	15106	0
15029	15102	0
15030	0
15031	0
15032	15055	15070	15110	0
15033	15034	15035	15108	0
15034	15021	15033	15035	15036	0
15035	15033	15034	15036	0
15036	15020	15021	15034	15035	15037	0
15037	15020	15036	0
15038	15019	15020	0
15039	15122	0
15040	15017	15041	0
15041	15040	0
15042	0
15043	0
15044	15048	0
15045	15048	0
15046	15047	0
15047	15046	0
15048	15044	15045	0
15049	15107	15126	0
15051	15052	15111	0
15052	15051	0
15053	0
15054	0
15055	15032	15061	15110	0
15056	15070	15104	15110	0
15058	15068	0
15059	15070	15109	0
15060	15064	15103	0
15061	15055	15107	15110	0
15062	15063	15069	0
15063	15062	15109	0
15064	15060	15065	0
15065	15064	0
15067	15026	15028	15071	0
15068	15058	0
15069	15062	0
15070	15032	15056	15059	15104	0
15071	7025	15067	0
15102	15029	0
15103	15060	0
15104	15056	15070	0
15105	15025	0
15106	15025	15028	15123	0
15107	15049	15061	15126	0
15108	15033	0
15109	15059	15063	0
15110	15032	15055	15056	15061	0
15111	15051	0
15112	15016	15017	15027	15113	0
15113	15004	15005	15112	15114	0
15114	14114	15004	15113	0
15115	14117	15002	15003	15004	0
15118	14001	14101	14127	15001	15002	15003	0
15120	0
15122	15039	0
15123	15022	15023	15106	0
15125	0
15126	15049	15107	0
16001	16103	0
16002	16101	16102	17042	0
16003	22011	0
16004	16012	16135	0
16005	16105	0
16006	16008	16104	0
16007	0
16008	16006	0
16009	16010	0
16010	16009	16011	16108	0
16011	16010	0
16012	16004	16135	0
16013	16017	16107	0
16014	0
16015	8048	0
16016	16022	0
16017	16013	16110	16111	0
16018	16107	0
16019	16130	0
16020	0
16021	16031	16043	16110	16111	0
16022	16016	16043	16112	0
16023	16112	0
16024	16029	0
16025	16029	0
16026	0
16027	0
16028	0
16029	16024	16025	0
16030	0
16031	16021	16043	0
16032	16033	16116	0
16033	16032	16116	0
16034	16035	0
16035	16034	0
16036	0
16037	16038	16040	0
16038	16037	0
16039	16041	0
16040	16037	16118	0
16041	16039	0
16042	0
16043	16021	16022	16031	16111	0
16044	0
16101	16002	17042	0
16102	16002	0
16103	16001	16104	0
16104	16006	16103	0
16105	16005	0
16107	16013	16018	0
16108	16010	0
16110	16017	16021	0
16111	16017	16021	16043	0
16112	16022	16023	0
16115	0
16116	16032	16033	0
16118	16040	0
16121	22009	0
16122	0
16124	0
16129	0
16130	16019	0
16135	16004	16012	0
17001	17006	18047	0
17002	17004	17110	18045	18046	0
17003	17044	0
17004	17002	17005	17110	18046	0
17005	17004	17110	17111	0
17006	17001	18047	0
17007	0
17008	17109	34001	0
17009	17010	17011	17111	0
17010	17009	17108	0
17011	17009	17106	0
17012	8020	8051	17050	0
17013	17017	0
17014	21102	0
17015	17048	17119	0
17016	17017	17110	17111	0
17017	17013	17016	0
17018	17019	0
17019	17018	17119	0
17020	17021	17119	0
17021	17020	0
17022	0
17023	17116	0
17024	8020	8037	8051	17048	0
17025	8044	0
17026	17047	0
17027	17030	17047	0
17028	17102	23006	0
17029	17030	17037	0
17030	17027	17029	17037	17047	17107	0
17031	17032	17101	17107	0
17032	17031	17101	23009	0
17033	8056	8057	17046	0
17036	17037	17039	17040	0
17037	17029	17030	17036	0
17038	17039	0
17039	17036	17038	17040	0
17040	17036	17039	17043	0
17041	17101	0
17042	16002	16101	17043	0
17043	17040	17042	17104	0
17044	17003	17115	0
17045	8055	17046	0
17046	8056	17033	17045	0
17047	17026	17027	17030	0
17048	17015	17024	0
17049	17117	0
17050	8011	8012	17012	0
17101	17031	17032	17041	0
17102	17028	0
17104	17043	17105	0
17105	17104	0
17106	17011	0
17107	17030	17031	0
17108	17010	0
17109	17008	0
17110	17002	17004	17005	17016	0
17111	17005	17009	17016	0
17115	17044	0
17116	17023	0
17117	17049	0
17119	17015	17019	17020	0
18001	18003	18111	18113	18114	0
18002	9003	9004	18006	18007	0
18003	18001	18113	18114	0
18004	18005	18041	18042	0
18005	9005	18004	18006	18041	0
18006	9004	9005	18002	18005	0
18007	9003	18002	18008	18013	18107	0
18008	18007	18009	18013	18014	18107	0
18009	10041	18008	18040	18107	0
18010	18104	18109	0
18011	18104	0
18012	18014	0
18013	18007	18008	18014	18015	0
18014	18008	18012	18013	0
18015	18013	18021	18022	0
18016	18020	18021	0
18017	18020	0
18018	18111	0
18019	18027	0
18020	18016	18017	18026	0
18021	18015	18016	18024	18025	0
18022	18015	18023	18024	0
18023	18022	18024	0
18024	18021	18022	18023	18030	0
18025	18021	18029	18030	0
18026	18020	18027	18029	0
18027	18019	18026	0
18028	18034	0
18029	18025	18026	0
18030	18024	18025	18031	18101	0
18031	18030	18032	0
18032	18031	18036	18122	0
18033	18035	0
18034	18028	18112	0
18035	18033	18112	34003	0
18036	18032	18122	0
18037	18101	0
18038	18102	18104	0
18039	19109	0
18040	10026	10034	10035	18009	18110	0
18041	9017	9018	18004	18005	0
18042	9018	9019	9027	18004	18043	0
18043	9018	9027	9038	18042	18114	0
18044	8012	9038	0
18045	17002	18046	0
18046	17002	17004	18045	0
18047	17001	17006	0
18048	18102	18103	0
18049	0
18101	18030	18037	18105	0
18102	18038	18048	0
18103	18048	0
18104	18010	18011	18038	0
18105	18101	0
18107	10041	18007	18008	18009	0
18108	0
18109	18010	0
18110	18040	0
18111	18001	18018	18113	0
18112	18034	18035	0
18113	18001	18003	18111	18114	0
18114	18001	18003	18043	18113	0
18122	18032	18036	0
19001	0
19002	19005	0
19003	10036	19004	19109	0
19004	10036	19003	19012	19022	19116	0
19005	19002	19029	0
19006	19125	0
19007	19008	0
19008	19007	19009	19011	19033	0
19009	19008	19033	19115	0
19010	0
19011	19008	0
19012	19004	19022	19119	0
19013	19014	19021	19117	0
19014	19013	19016	0
19015	0
19016	19014	0
19017	19018	19019	0
19018	19017	19019	19046	0
19019	19017	19018	19103	0
19020	19103	0
19021	19013	0
19022	19004	19012	19039	19116	19119	0
19023	19024	19101	0
19024	19023	19114	0
19025	0
19026	0
19027	19036	0
19028	19038	19121	0
19029	19005	19117	0
19031	0
19033	19008	19009	0
19034	19046	0
19035	19105	0
19036	19027	19124	0
19037	20110	0
19038	19028	19041	19121	20112	0
19039	19022	19114	19118	19119	0
19040	0
19041	19038	19101	20112	20113	0
19043	35005	0
19044	0
19045	0
19046	19018	19034	0
19101	19023	19041	19102	0
19102	10040	19101	20041	0
19103	19019	19020	19105	0
19105	19035	19103	0
19106	0
19109	10036	18039	19003	0
19110	0
19113	0
19114	19024	19039	19119	0
19115	19009	0
19116	10037	10110	19004	19022	0
19117	19013	19029	19125	0
19118	19039	0
19119	19012	19022	19039	19114	0
19120	0
19121	19028	19038	20002	0
19124	19036	33104	0
19125	19006	19117	0
20001	11014	12015	0
20002	19121	0
20004	12115	41604	0
20005	12020	20047	20107	0
20006	20503	0
20007	20012	20043	20116	20132	0
20008	20011	20116	20132	20133	0
20009	20044	20118	20133	0
20011	20008	20016	20116	20118	0
20012	11017	20007	20013	20043	20116	0
20013	11017	20012	20116	0
20014	11017	11104	20015	0
20015	11104	20014	0
20016	20011	0
20017	20018	20118	0
20018	20017	20122	0
20020	20021	20048	0
20021	20020	20023	20108	0
20022	20045	20115	0
20023	20021	0
20024	20025	20028	20106	0
20025	20024	20028	20106	20111	0
20026	0
20027	20103	20109	0
20028	20024	20025	20111	0
20029	32601	0
20030	20031	0
20031	20030	20032	0
20032	20031	20034	0
20033	11029	20039	20040	0
20034	20032	20121	0
20035	20111	20119	20121	0
20036	20119	0
20037	20109	0
20038	20117	20120	0
20039	11029	11032	20033	20040	0
20040	20033	20039	20113	0
20041	10040	19102	0
20042	20112	0
20043	20007	20012	0
20044	20009	20107	20133	0
20045	20022	20104	20115	0
20047	12020	20005	0
20048	20020	20108	0
20103	20027	0
20104	20045	20115	20122	0
20105	20107	31002	0
20106	20024	20025	20111	0
20107	20005	20044	20105	0
20108	20021	20048	20122	0
20109	20027	20037	0
20110	19037	0
20111	20025	20028	20035	20106	0
20112	19038	19041	20042	0
20113	19041	20040	0
20115	20022	20045	20104	0
20116	20007	20008	20011	20012	20013	20132	0
20117	20038	0
20118	20009	20011	20017	20133	0
20119	20035	20036	0
20120	20038	31708	0
20121	20034	20035	0
20122	20018	20104	20108	0
20131	11021	11110	0
20132	20007	20008	20116	0
20133	20008	20009	20044	20118	0
20503	20006	0
21001	21003	0
21002	0
21003	21001	0
21004	21009	0
21005	21017	0
21006	0
21007	0
21008	0
21009	21004	0
21010	0
21011	21012	0
21012	21011	0
21013	21018	21303	0
21014	0
21015	0
21016	0
21017	21005	0
21018	21013	0
21019	0
21020	21021	0
21021	21020	0
21101	0
21102	17014	0
21103	21104	0
21104	21103	34009	0
21105	0
21106	0
21107	0
21108	0
21109	0
21110	0
21111	0
21112	0
21113	23004	0
21201	0
21202	21210	0
21203	41103	0
21204	21207	21208	0
21205	0
21206	14116	21210	0
21207	21204	0
21208	21204	0
21209	0
21210	14116	21202	21206	0
21211	0
21301	21302	0
21302	21301	21303	0
21303	21013	21302	0
21304	0
21305	0
21306	0
21307	21309	0
21308	21309	0
21309	21307	21308	0
21310	0
21311	0
21501	0
21502	21503	0
21503	21502	0
21701	0
21702	21703	0
21703	21702	0
21704	0
21705	0
21706	22401	0
21707	0
22001	0
22002	22003	0
22003	22002	22004	22005	0
22004	22003	22005	22006	0
22005	22003	22004	22006	0
22006	22004	22005	0
22007	0
22008	0
22009	16121	22010	0
22010	22009	0
22011	16003	0
22012	0
22013	0
22014	0
22101	0
22401	21706	0
22402	22405	0
22403	0
22404	0
22405	22402	0
22406	0
22407	0
23001	0
23002	0
23003	0
23004	21113	0
23005	0
23006	17028	23007	0
23007	23006	0
23008	0
23009	17032	0
23010	0
23011	0
28001	0
28002	0
28003	0
31001	41604	0
31002	20105	31003	0
31003	31002	31004	0
31004	31003	31005	31006	31709	0
31005	31004	31013	31709	0
31006	31004	0
31007	0
31008	0
31009	0
31010	31011	31012	0
31011	31010	0
31012	31010	0
31013	31005	0
31701	0
31702	0
31703	0
31704	0
31705	31706	0
31706	31705	0
31707	0
31708	20120	0
31709	31004	31005	0
32001	32006	0
32003	32006	0
32004	0
32006	32001	32003	0
32008	0
32601	20029	0
32602	0
32603	32605	0
32604	32605	32606	0
32605	32603	32604	0
32606	32604	0
33001	0
33003	0
33005	0
33006	0
33007	0
33009	0
33010	33011	0
33011	33010	0
33012	0
33013	0
33102	33103	0
33103	33102	0
33104	19124	0
34001	17008	0
34002	0
34003	18035	0
34004	0
34005	0
34006	0
34007	0
34008	0
34009	21104	0
34010	0
34011	0
35001	0
35002	0
35003	0
35004	35005	0
35005	19043	35004	0
35006	0
35007	0
35008	35009	35014	0
35009	35008	35011	35014	0
35010	35011	0
35011	35009	35010	0
35012	0
35013	0
35014	35008	35009	0
41101	0
41102	0
41103	21203	0
41201	0
41202	0
41203	43010	0
41301	0
41302	0
41601	0
41602	12114	0
41603	43001	43003	0
41604	20004	31001	0
41605	0
42001	42004	42011	0
42002	42014	0
42003	0
42004	42001	0
42005	0
42006	0
42007	0
42008	0
42009	0
42010	0
42011	42001	0
42012	0
42013	0
42014	42002	0
42015	13116	0
42016	0
42201	0
42202	0
42203	0
42205	42206	0
42206	12119	42205	0
42207	0
42501	0
42502	0
42503	0
42504	0
42505	0
42701	0
42702	42704	0
42704	42702	0
42705	42706	42707	0
42706	42705	42707	0
42707	42705	42706	0
43001	41603	0
43002	0
43003	41603	0
43004	0
43005	0
43006	0
43007	0
43008	0
43009	0
43010	41203	0
43401	0
44101	0
44102	0
237	0
