id,nb,lat,lng,totbs
0,901,48.892795924112306,2.391225227186182,20
1,903,48.83713368945151,2.374340554605615,20
2,904,48.85213620522547,2.301961227213259,30
3,905,48.83966087889425,2.382472269083633,20
4,906,48.876419813641114,2.358630064544601,20
5,907,48.832416272201854,2.403063568770877,20
6,908,48.86800894990829,2.365494000761851,20
7,1001,48.85709163521822,2.341747995157864,16
8,1002,48.85794009296303,2.347010058114489,21
9,1003,48.859150287255645,2.347620087684511,50
10,1004,48.859896314441485,2.346756667548724,36
11,1005,48.86126206976475,2.349399999750171,33
12,1006,48.86263180415945,2.349732144830979,33
13,1007,48.863567047119524,2.347702021141098,20
14,1008,48.86358050651757,2.342609463824718,22
15,1009,48.860245194532624,2.344333545273837,24
16,1010,48.85946238924527,2.344366128446111,25
17,1011,48.86024709541543,2.342302645725544,20
18,1012,48.86299816676784,2.341555077827231,22
19,1013,48.86243023476397,2.338520131151779,66
20,1014,48.86367225536575,2.33405760804708,25
21,1015,48.86397965515107,2.335599603893845,20
22,1016,48.86648351450895,2.334433421223788,25
23,1017,48.86557114282421,2.330567417577153,20
24,1018,48.86479366612619,2.329431421945852,21
25,1019,48.866698008473534,2.328288185716643,14
26,1020,48.866285221156055,2.325249045083579,40
27,1022,48.8682170167744,2.330493511399174,37
28,1023,48.863497019963724,2.334846327550268,22
29,1024,48.86377283202625,2.342707561978307,20
30,1025,48.8613894682984,2.340055232817477,18
31,1026,48.86343050194121,2.340169767017624,31
32,1027,48.86223871704716,2.341960937955673,21
33,1102,48.864065046949904,2.347597912716465,18
34,1116,48.866810653323,2.334388448251871,27
35,2001,48.86524062169503,2.351669873689939,34
36,2002,48.86458237746489,2.346282111667021,28
37,2003,48.86614574652862,2.350844595287827,31
38,2004,48.866973714239656,2.3486324654447,17
39,2005,48.86502194581009,2.345068440144759,15
40,2006,48.86600263256513,2.341920411962299,24
41,2007,48.867123446448645,2.336686608238879,28
42,2008,48.86729326281969,2.340563686363604,29
43,2009,48.86885168937216,2.339731401086941,59
44,2010,48.87077575727228,2.343163334385358,30
45,2011,48.86829988920071,2.338089782278504,26
46,2012,48.86996973396891,2.3360394555421,42
47,2013,48.87144635392104,2.338290105850787,17
48,2014,48.86911315259528,2.332515105268499,16
49,2015,48.870508937203915,2.334054461939329,31
50,2016,48.868660481539266,2.35018588824494,21
51,2020,48.867623078056845,2.333268593101536,20
52,2021,48.86746744146411,2.344526615114217,43
53,2022,48.87078277953678,2.345905811394424,36
54,2101,48.866067150086806,2.345463652702569,22
55,2102,48.870314763994976,2.341878566630611,37
56,2107,48.87000061719652,2.348995518049354,16
57,2108,48.871242274166406,2.341394999257386,38
58,3001,48.85804405694242,2.367832659296124,52
59,3002,48.85815895677863,2.364714992099186,18
60,3003,48.86213223497159,2.364951386893752,32
61,3005,48.86613722458341,2.359661143626467,33
62,3006,48.86453080530752,2.361579815214986,34
63,3007,48.86240121191442,2.359447031946381,28
64,3008,48.85984668320698,2.361050487092021,18
65,3009,48.861581157730946,2.35660934144383,18
66,3010,48.86246498040391,2.354236781419645,18
67,3011,48.86558419108518,2.356278447633629,31
68,3012,48.86749798940664,2.353660816249226,24
69,3013,48.856954148055344,2.362897420229539,14
70,3014,48.863062832743175,2.352839380718154,31
71,3101,48.86863640502551,2.355591592778568,34
72,4001,48.85398414441304,2.349380045291025,32
73,4002,48.85525336084426,2.347356447642631,24
74,4003,48.852944887921204,2.352088649440748,21
75,4005,48.85127148209335,2.362430212982278,15
76,4006,48.847725125668795,2.365939153127159,53
77,4007,48.852557117435175,2.368240719418199,36
78,4009,48.852725972189546,2.360878343431665,28
79,4010,48.855023999040945,2.361203538755455,26
80,4011,48.85381414531594,2.357092654363953,36
81,4012,48.85579663740384,2.357907882135172,28
82,4013,48.85851071299225,2.358633579117469,27
83,4014,48.85940271964358,2.35592748653501,30
84,4015,48.85596585621022,2.356381154873061,16
85,4016,48.85624672170074,2.353281344612189,60
86,4017,48.85712865130369,2.351194996458793,14
87,4018,48.857999643314926,2.350217280976349,19
88,4019,48.858828988192535,2.35189147061665,32
89,4020,48.86008832610481,2.350148335920203,28
90,4021,48.861419072223185,2.35258144286207,26
91,4101,48.8537973449702,2.368400806960401,20
92,4103,48.857203787697095,2.353976273618783,25
93,4104,48.861883102214215,2.350220976096221,16
94,4105,48.84996003527754,2.363239868721318,36
95,4107,48.855501357701705,2.368429069929045,18
96,5001,48.851581340028176,2.343704536722773,43
97,5002,48.850310432924466,2.345015835298588,35
98,5003,48.84623928170344,2.341324916011569,35
99,5004,48.84186595652607,2.341202026662388,19
100,5005,48.844730256132095,2.341923944866407,24
101,5006,48.846516920586836,2.343123803367338,13
102,5007,48.84891900790829,2.347201329520476,37
103,5008,48.850977229793614,2.346076825913541,20
104,5009,48.85165117936709,2.347463334519655,16
105,5010,48.84375698130157,2.339306721981416,15
106,5012,48.845143494008845,2.345412681213507,15
107,5013,48.8425479496716,2.344596649931604,20
108,5014,48.84163270861766,2.348552018116996,28
109,5015,48.841507637390066,2.349983047029793,63
110,5016,48.845062256378036,2.349497789857777,16
111,5017,48.84660186578123,2.34901473289268,31
112,5018,48.848385764716724,2.350169939020645,37
113,5019,48.84969041137042,2.352970183602024,25
114,5020,48.849159689167834,2.356140327475379,21
115,5021,48.847184641150214,2.353398379689353,36
116,5022,48.84629503172156,2.352222921607491,17
117,5023,48.845616878509624,2.355745499998791,24
118,5024,48.84273504298964,2.352472437223356,21
119,5026,48.83899382454321,2.34993205295774,49
120,5027,48.83712603861059,2.351433329767636,40
121,5028,48.84108002201592,2.355430714244752,55
122,5029,48.8401089566606,2.337296889737942,30
123,5030,48.849770370603345,2.343573575733007,50
124,5031,48.84367484543761,2.354615982683207,55
125,5032,48.8469867528133,2.346499653762975,37
126,5033,48.852705647705136,2.344137763245671,30
127,5034,48.84050866371248,2.353713552033412,69
128,5035,48.84315817822931,2.363748444641593,24
129,5104,48.84191617982597,2.358912681317667,55
130,5105,48.83907826424974,2.356877340669728,17
131,5106,48.84819134858432,2.34183165485398,19
132,5107,48.850458009188436,2.352454275492188,23
133,5110,48.84386035324877,2.35190222528039,23
134,6001,48.85761567856468,2.335831353037739,17
135,6002,48.85549998439074,2.333445220031193,23
136,6003,48.85164784814266,2.33081707438869,21
137,6004,48.84751782944194,2.326973305586841,44
138,6005,48.843295457036824,2.326541134127944,47
139,6006,48.84479928858768,2.329337755887181,19
140,6007,48.842738478257814,2.329794221763396,23
141,6008,48.84373446877937,2.333428381875887,33
142,6009,48.84672098257342,2.332394592929583,35
143,6010,48.841739161230905,2.331552216736739,15
144,6012,48.85330527759475,2.334465461882703,18
145,6013,48.855254687750524,2.337539334060287,28
146,6014,48.855296898603285,2.339947307565249,26
147,6015,48.853751073467855,2.339113722899687,54
148,6016,48.85239300931142,2.341442522468474,21
149,6017,48.849580002186286,2.337848437179539,34
150,6018,48.84254096604404,2.335067885565505,16
151,6020,48.85293041059132,2.342657392891206,35
152,6021,48.8564374096868,2.334797622948368,19
153,6022,48.85165969291236,2.335504665009827,21
154,6024,48.853942309161404,2.33015352476927,26
155,6025,48.84920849993862,2.328514546230014,32
156,6026,48.84913990321828,2.325175389412747,66
157,6027,48.84612989154848,2.324240578144087,31
158,6028,48.85175137445886,2.338161695134053,36
159,6029,48.84892295818577,2.341040508705961,24
160,6030,48.84846886395447,2.32899674681117,35
161,6031,48.85083365440354,2.342198228067738,34
162,6032,48.8525574216674,2.331647722906649,26
163,6103,48.850297010217595,2.330446820277252,55
164,6104,48.84336424277311,2.337803430969035,37
165,6107,48.85024108719566,2.327551549210571,23
166,6108,48.84703008062634,2.321289421006791,16
167,7001,48.84776985682885,2.316183886729462,45
168,7002,48.84857760756107,2.320417393123817,35
169,7003,48.85123038028847,2.325070038738617,59
170,7004,48.85326166861166,2.326319806384382,36
171,7005,48.85546173595602,2.325681935889154,52
172,7006,48.85894298617901,2.331418204714572,32
173,7007,48.85971010443503,2.325809024625026,65
174,7008,48.85831864690376,2.323838437789417,16
175,7009,48.86137389094258,2.320131276903925,62
176,7010,48.860769957997334,2.314838279495265,65
177,7011,48.859068394963046,2.318624221125004,22
178,7012,48.85426833405103,2.319454010061415,36
179,7013,48.84750225840085,2.312688328662078,55
180,7014,48.85167822904787,2.314633840627834,42
181,7015,48.857290118463105,2.31530968318177,47
182,7016,48.861273016278126,2.309453550914185,58
183,7017,48.85727649829621,2.310257927534994,39
184,7018,48.85129433458901,2.309747615603337,18
185,7019,48.8549511680067,2.305478634195716,47
186,7020,48.85664110011817,2.306598534111823,57
187,7021,48.85865170952645,2.303716580234576,50
188,7022,48.86164049957625,2.302250344175951,69
189,7023,48.86089779794103,2.29559959844703,60
190,7024,48.8581690434843,2.300528330043888,31
191,7025,48.856502977695634,2.293178754328878,33
192,7101,48.852241617707335,2.326606019476806,54
193,7102,48.857829110709226,2.319149052579355,42
194,7103,48.8560593100747,2.302239128884557,20
195,8001,48.866843803252216,2.315779713410026,41
196,8003,48.871705191393076,2.298528265679806,17
197,8004,48.87042188343355,2.323288994791708,64
198,8005,48.86909008833763,2.324429630496505,37
199,8007,48.8742300555803,2.325570111724113,30
200,8008,48.8753531744647,2.322884365751902,18
201,8009,48.8748080249657,2.326481486218277,28
202,8010,48.87958116563811,2.326427352474812,17
203,8011,48.88093535677379,2.324516635146477,16
204,8012,48.88331804435458,2.326207175385489,47
205,8013,48.8696161948985,2.306620834902348,33
206,8015,48.873486169349846,2.320281234210629,44
207,8016,48.87320440102894,2.323658830743138,39
208,8017,48.876079329226044,2.322731562049324,64
209,8018,48.87620116215501,2.319793923972548,32
210,8019,48.87995716383757,2.321359676280949,43
211,8020,48.882148945631904,2.319860054774211,44
212,8025,48.873760472140056,2.315876308346374,33
213,8026,48.87545720024482,2.315465494584916,13
214,8027,48.877984027503516,2.318404862782852,14
215,8028,48.873434081397704,2.29770677798004,28
216,8029,48.86534626936267,2.310193787964762,36
217,8030,48.8672932362145,2.307691605650344,35
218,8031,48.86970884795243,2.310714655374236,33
219,8032,48.87147642130095,2.313885419949291,67
220,8033,48.87278768084646,2.309722588932229,27
221,8034,48.874810390028195,2.308314064189137,34
222,8035,48.87659994083545,2.31316505435543,45
223,8036,48.87745567681383,2.309694221419506,39
224,8037,48.87960645718048,2.314553524187054,37
225,8038,48.8668876499781,2.306675575720671,28
226,8039,48.870481938552295,2.307662540152187,24
227,8040,48.87007033911426,2.304315446715835,32
228,8041,48.87069015790859,2.303222423974782,38
229,8044,48.87836138361425,2.305254448220567,33
230,8045,48.86492098253841,2.302549182385926,57
231,8046,48.865194405295554,2.300249545157282,30
232,8047,48.868165940558264,2.301274609316824,32
233,8048,48.86885170823486,2.298514048803577,20
234,8049,48.870437805350605,2.300830261423519,22
235,8050,48.87151274151915,2.307487564419454,45
236,8051,48.882148945433045,2.319858692092916,14
237,8052,48.87288299097443,2.299972932642669,30
238,8053,48.87475020395657,2.301771435325988,38
239,8054,48.87614039826388,2.301303138307601,32
240,8055,48.87818887641853,2.299296003861458,29
241,8056,48.875377647487014,2.296555342476269,11
242,8057,48.87494475810723,2.29743857720451,33
243,8101,48.87803446150397,2.326483540969424,23
244,8102,48.87355533448877,2.303288666125152,26
245,8103,48.873794318379595,2.306299550271081,23
246,8104,48.8740144756374,2.29991625786582,31
247,8105,48.86951797934417,2.302426218841562,31
248,8108,48.87482319032095,2.325296117814705,56
249,8110,48.87711191876653,2.322329320868037,32
250,8113,48.874923109802,2.319395144377322,22
251,8115,48.87134532710352,2.300186572268202,21
252,8549,48.87040913507474,2.301123191744092,24
253,9001,48.877501465298494,2.348569373385955,17
254,9002,48.8792233706285,2.349147493536092,15
255,9003,48.883653197247604,2.349040855034395,25
256,9004,48.88291108953936,2.346319371627125,21
257,9005,48.88263348431082,2.344884406212207,33
258,9006,48.88210763435886,2.346261998538882,16
259,9007,48.87983122511022,2.345396338986368,20
260,9008,48.87916177777549,2.34369843072095,17
261,9009,48.87660117136262,2.345785516803243,21
262,9010,48.876719895109,2.344393021853951,23
263,9011,48.873781940593325,2.344513876337893,20
264,9012,48.87154221364212,2.345836455597928,30
265,9013,48.8732671375829,2.340753448052758,25
266,9014,48.87532972315326,2.340772662331439,34
267,9015,48.87662212037311,2.339799899316122,31
268,9016,48.877770695346776,2.339784967507022,17
269,9017,48.88103214901626,2.340774412117837,29
270,9018,48.88207022703438,2.336679631444242,34
271,9019,48.881149033952994,2.336681004295117,18
272,9020,48.87950526562478,2.337190639271711,21
273,9021,48.877872278317966,2.337446804203667,22
274,9022,48.87334627510507,2.337980867701675,33
275,9023,48.871815737396304,2.337201547845077,33
276,9024,48.87338580542954,2.33529683976619,53
277,9025,48.876383969379,2.335356677933531,38
278,9026,48.87939826447722,2.333709173337285,17
279,9027,48.88235325984544,2.333263372748175,25
280,9028,48.88015398585977,2.33107516002003,18
281,9029,48.87685932729332,2.332762380011633,39
282,9030,48.87518586417746,2.332036313368639,44
283,9031,48.87428447542072,2.332976511564311,25
284,9032,48.87297125192713,2.329465611700831,40
285,9033,48.87279501987261,2.328315742616178,51
286,9034,48.869956681574806,2.326599657113696,22
287,9035,48.87775323400056,2.327339290714228,44
288,9036,48.878113787875996,2.32956021945824,20
289,9037,48.88126642422664,2.328197093450571,23
290,9038,48.883207841227964,2.330849949028507,27
291,9101,48.87563967181739,2.343523591554751,19
292,9102,48.87673249893723,2.33048422584945,24
293,9104,48.874179024030234,2.327778690118609,30
294,9106,48.87219025140095,2.329423494000903,15
295,9108,48.87789001497427,2.344785602987212,33
296,9111,48.87514373494672,2.338118505144376,18
297,9113,48.87582185503067,2.347303230302456,30
298,10001,48.86849994171273,2.359970049607283,62
299,10002,48.86967912445944,2.354327697377583,17
300,10003,48.87077436024043,2.349649636832728,17
301,10004,48.87089342595598,2.353521565011111,63
302,10005,48.873972172373676,2.348388757504776,17
303,10006,48.872939767837096,2.35403448428308,28
304,10007,48.87242997325711,2.355489390173873,19
305,10008,48.87076498187756,2.358724462274344,18
306,10009,48.87208360886937,2.35766368561921,17
307,10010,48.87099998982137,2.361141436574885,33
308,10011,48.86909174869475,2.362261761814593,17
309,10012,48.873267841170026,2.359323613430623,24
310,10013,48.87113994970465,2.36628044396993,59
311,10014,48.8716626619994,2.363933311380362,56
312,10015,48.874112916506824,2.362498528696257,46
313,10016,48.875034655883944,2.359801238597928,16
314,10017,48.87457503678029,2.356796765204903,13
315,10018,48.875384905581136,2.356094018642288,30
316,10019,48.87503405624492,2.352184894826549,31
317,10020,48.87710035109807,2.351222168052346,11
318,10021,48.877356057652264,2.354511445637388,15
319,10022,48.87686690577979,2.356119082991818,42
320,10023,48.87615605427147,2.360914908320552,14
321,10024,48.87182588992616,2.372203224856393,18
322,10025,48.87742034308959,2.366011448983217,15
323,10026,48.88387986981542,2.360080356961043,59
324,10027,48.8793551031739,2.358379192454538,19
325,10028,48.88037062098294,2.352820057031213,29
326,10029,48.88072668576597,2.351464333201903,23
327,10031,48.881997209990196,2.363625214552995,39
328,10032,48.87285913900304,2.370071706985146,32
329,10033,48.88095574164779,2.352430514838522,24
330,10034,48.88384931844148,2.360053088985318,20
331,10035,48.884348151333135,2.364163329874197,24
332,10036,48.88384326568884,2.367110644031659,29
333,10037,48.88126816395289,2.368117527990073,25
334,10038,48.87752002849063,2.369791245076398,28
335,10039,48.874405666217164,2.373807237995119,24
336,10040,48.872778156489964,2.376348394645978,48
337,10041,48.88414119396773,2.356109465877721,14
338,10042,48.87242006305313,2.348395236282807,33
339,10105,48.870278078579595,2.351281636686514,24
340,10107,48.88194974316119,2.352339506562677,47
341,10110,48.879332174655,2.368628715748762,31
342,10111,48.87346279870817,2.364035059250436,21
343,10113,48.871379874256604,2.369896383666685,43
344,10114,48.87479499484127,2.366669436984963,59
345,10115,48.87613733905835,2.368084497941703,27
346,10151,48.87963935299516,2.356904958415215,26
347,10152,48.87904931076023,2.354159095958248,25
348,10153,48.87957771852628,2.354463131150579,20
349,10161,48.875670112481366,2.359509937592322,34
350,11001,48.85384822621097,2.369701488217501,40
351,11002,48.85510629540472,2.373424541930557,23
352,11003,48.855512861322296,2.375240347026149,32
353,11004,48.852255290042486,2.374027235613735,32
354,11006,48.856433706943704,2.379020587761426,37
355,11007,48.85328931895065,2.383041177204182,63
356,11008,48.850379753879935,2.38386933547444,40
357,11009,48.852193095437535,2.3890216505832,23
358,11010,48.84925926211519,2.391754614194301,41
359,11011,48.86180485207153,2.372651428265507,25
360,11012,48.85050701184191,2.393075558274471,33
361,11013,48.849276638185486,2.394934477750117,46
362,11014,48.848482816609724,2.39721188193514,55
363,11016,48.8518182000139,2.393255376309212,46
364,11017,48.854176040414856,2.396093495321842,46
365,11018,48.86421167470377,2.378255841512857,36
366,11019,48.85560316202584,2.390546390619984,32
367,11020,48.85631717803066,2.383072452374457,36
368,11021,48.85844505426191,2.39039812238911,23
369,11022,48.85800190602335,2.381797702650783,16
370,11023,48.85868877406295,2.383553994571467,46
371,11024,48.85882890841428,2.378871327120361,51
372,11025,48.85704145047844,2.37289470306807,48
373,11026,48.86119441933017,2.381301904923526,46
374,11027,48.8621350384716,2.377229858571335,38
375,11028,48.86382517434147,2.38090637715497,36
376,11029,48.8666176586814,2.38301344041578,40
377,11030,48.86530798423503,2.376019912019568,22
378,11031,48.86455576531678,2.373071507389205,39
379,11032,48.86793796309798,2.377885515684799,48
380,11033,48.856870467758306,2.370554639861521,33
381,11034,48.86787670551736,2.372705978671471,47
382,11035,48.86946960532872,2.371536810663942,53
383,11036,48.868410104824726,2.367841497243513,58
384,11038,48.865745077094815,2.365312950780227,45
385,11039,48.86580427668637,2.369337074966926,36
386,11040,48.86442014173202,2.366136374249966,36
387,11041,48.86082070611917,2.375636525867217,37
388,11042,48.8646494198968,2.369261438255258,47
389,11043,48.862650300140295,2.367053490449912,21
390,11044,48.86343198963591,2.37120861796012,23
391,11045,48.861205051934334,2.367352328799597,42
392,11101,48.85252900039587,2.380583632323688,49
393,11102,48.85288867036487,2.389147640809553,58
394,11103,48.8600393112308,2.370984374239959,47
395,11104,48.855943779580954,2.392532526632664,20
396,11105,48.864541626812056,2.375195196724585,50
397,11107,48.85153200534013,2.38372328828755,46
398,11109,48.866331347902545,2.371097448471508,23
399,11110,48.8592429763213,2.386593289210004,52
400,11111,48.85496380033523,2.387217085372007,18
401,11112,48.854304177811706,2.38488615344003,23
402,11113,48.86651607982108,2.369322530407524,56
403,12001,48.85131118740966,2.369250483580839,64
404,12002,48.849215862624035,2.370503423869599,16
405,12003,48.84588694638678,2.366896793773722,69
406,12004,48.850735824128805,2.375870111706245,33
407,12005,48.850440013404544,2.378901366211043,30
408,12006,48.84419240789483,2.371691677977748,60
409,12007,48.84568897556758,2.374203690051493,50
410,12008,48.84681513232972,2.376929360592796,54
411,12009,48.84626878980391,2.379264325090339,18
412,12010,48.83749044650707,2.401825585802231,19
413,12011,48.84486731955409,2.382578935054453,36
414,12012,48.84729631064503,2.385707672217665,21
415,12013,48.844312608440106,2.389595227215854,16
416,12014,48.847301800009085,2.39552056485834,66
417,12015,48.84696435950306,2.399868277428793,36
418,12016,48.84512829379433,2.401400707666872,34
419,12017,48.84463462629767,2.405099826323643,39
420,12018,48.8456092496701,2.395932627208539,35
421,12019,48.842577100515385,2.397249990597384,28
422,12020,48.84698906998311,2.410145496563922,45
423,12021,48.84437319365697,2.410972451668241,50
424,12022,48.84089981382828,2.404380102963422,33
425,12023,48.84076227759839,2.41052344083499,67
426,12025,48.84026772485455,2.379519527723101,22
427,12026,48.83772145898209,2.382217337050408,36
428,12027,48.84264777870052,2.386164927813738,16
429,12028,48.84192366327654,2.389728979467376,27
430,12029,48.838849023395156,2.389724508120191,55
431,12030,48.836675796406276,2.391795855555629,33
432,12031,48.835138050689515,2.385478486564838,36
433,12032,48.835545043575955,2.40745551592605,35
434,12033,48.83350833245742,2.386133168700345,66
435,12034,48.83230838936651,2.386370278568759,48
436,12035,48.834705859741675,2.397111552649508,33
437,12036,48.84030274499962,2.394630398715453,42
438,12037,48.8394854026542,2.397212376289136,40
439,12038,48.83998878891187,2.400525668552064,39
440,12039,48.834812629825436,2.400927788127704,38
441,12040,48.83158812517445,2.398745664948547,67
442,12041,48.833654852830335,2.413463576486826,58
443,12042,48.840398172156206,2.409229420580575,42
444,12101,48.848175129981016,2.376358449431232,19
445,12102,48.84618800146489,2.37040616152132,30
446,12105,48.84190715333373,2.376605625312414,35
447,12106,48.84394917584249,2.37908134343237,69
448,12107,48.847653880984645,2.390238633141864,21
449,12108,48.83877530648142,2.38086079265402,44
450,12109,48.84086945970235,2.387564334932072,30
451,12110,48.83370863507971,2.388556666222385,55
452,12111,48.837614170379524,2.397253782195704,27
453,12112,48.83382177292266,2.394692664106047,31
454,12113,48.832934193699835,2.402636749399156,30
455,12114,48.843949064031825,2.415081394834419,28
456,12115,48.84641936927943,2.415636607146136,33
457,12119,48.82558443109317,2.409830941796777,50
458,12120,48.82772523704757,2.41827234236864,50
459,12122,48.835444916174204,2.431421081436563,50
460,12123,48.84423193255657,2.439209537709179,51
461,12124,48.839041145908176,2.437655339082955,55
462,12125,48.837061492855675,2.440446664251129,48
463,12126,48.82440776756261,2.418455004234756,50
464,12151,48.84551508979395,2.372649844628596,60
465,13001,48.83772792097816,2.344664043426302,18
466,13002,48.83486717959749,2.344575141243577,22
467,13004,48.83062407509372,2.345429456645987,68
468,13005,48.83548071896613,2.348572461702221,47
469,13006,48.83815160808658,2.357108449556404,41
470,13007,48.835092787823875,2.353468135133752,48
471,13008,48.83199636916928,2.354809472700658,53
472,13009,48.82998371071962,2.350403587821832,25
473,13010,48.831582643774894,2.356708420760657,40
474,13011,48.83540571295384,2.358218345030439,15
475,13013,48.83950442458303,2.360989417022932,21
476,13014,48.842524490766195,2.364044958656523,14
477,13015,48.832570718038,2.371231986681921,41
478,13016,48.83094844846017,2.37965351592796,62
479,13017,48.83252708397293,2.362354410392119,33
480,13018,48.83484845292942,2.366826499627087,25
481,13019,48.83636225239755,2.372375389059736,36
482,13020,48.83908421830948,2.370532330985574,45
483,13021,48.82603516605852,2.342176808004326,47
484,13022,48.827564379878744,2.34906350669476,36
485,13023,48.82860289084512,2.353034582951421,26
486,13024,48.82552586188404,2.350205084974572,33
487,13025,48.822455947649644,2.347382729482953,33
488,13026,48.82331617217754,2.35433694417225,34
489,13027,48.81625825722598,2.344181922989554,15
490,13028,48.818367707485955,2.353193430656726,33
491,13029,48.82903204071324,2.356183369179921,40
492,13030,48.82583946069817,2.357215357508107,40
493,13031,48.82115932080097,2.358701217878322,31
494,13032,48.819894618061376,2.359432938466414,26
495,13033,48.817312300431965,2.360218480943566,14
496,13034,48.82902666973469,2.361069024089417,18
497,13035,48.82597013639707,2.360231840755094,22
498,13036,48.82690019971573,2.365177603483576,36
499,13037,48.824695995415006,2.363106073577468,20
500,13038,48.8219079688117,2.363334710614756,24
501,13039,48.823219683169356,2.365469628106195,17
502,13040,48.81994196567719,2.36507858638901,44
503,13041,48.82196244101745,2.368528699972122,50
504,13042,48.830957464145705,2.364107053254628,36
505,13043,48.832272458639544,2.367415866750153,51
506,13044,48.829575726838485,2.369126815717134,36
507,13045,48.82783803264948,2.370530563855483,20
508,13046,48.82571290351962,2.375044300094851,44
509,13047,48.822632842232245,2.377738433657617,49
510,13048,48.82649432826404,2.344301715865302,28
511,13050,48.82836989380957,2.384440354604646,59
512,13051,48.83264101037033,2.37910490091443,19
513,13052,48.828974744329585,2.374332000856194,43
514,13053,48.82941013459557,2.375934558013933,21
515,13054,48.83124496844904,2.377263236877398,29
516,13055,48.828595283857425,2.380220606266108,61
517,13101,48.831121775069235,2.348108654777346,34
518,13103,48.83772768745434,2.360460336476805,50
519,13104,48.84379047732037,2.365585665575604,27
520,13106,48.82987537265954,2.35424653463425,24
521,13107,48.82884021838649,2.341967436827206,45
522,13109,48.822203096341305,2.350422032913929,21
523,13110,48.82103928698979,2.356345144172923,22
524,13111,48.81857441583949,2.353260183740912,54
525,13113,48.82363397638854,2.361571534156357,33
526,13114,48.824810840809405,2.367735489853108,22
527,13116,48.82022679261971,2.372209309645734,18
528,13117,48.82049518804969,2.366819682140966,67
529,13118,48.82434285685922,2.376060091685724,63
530,13120,48.82113875143762,2.378718606608679,19
531,13121,48.824952872870355,2.388580678853776,47
532,13122,48.828156251574946,2.358513532903332,25
533,13123,48.83505071580454,2.376068100310425,29
534,13151,48.84057730290756,2.366124461859616,55
535,13514,48.84183617360056,2.363468636860069,19
536,14001,48.84115621648301,2.324448789519074,27
537,14002,48.839199167158384,2.32955509720774,44
538,14003,48.836850815842105,2.331303600860387,47
539,14004,48.838431825491696,2.340794666870659,23
540,14005,48.83314079924711,2.332672227475083,36
541,14006,48.83319031875251,2.336933391248149,22
542,14007,48.83136668000465,2.340811882152406,34
543,14008,48.831506675674554,2.329319363216664,38
544,14009,48.83055599940998,2.33378329803361,36
545,14010,48.82742690008254,2.325760332846014,39
546,14011,48.827525292006904,2.331729378994153,23
547,14012,48.826703941183546,2.338636324158646,24
548,14013,48.821227663318524,2.342104214557966,14
549,14014,48.81940130486362,2.34337661053354,60
550,14015,48.82015010775814,2.339926428187734,19
551,14016,48.82476710259696,2.335999677300567,53
552,14017,48.822782442043376,2.330537540381845,43
553,14018,48.8228575017159,2.325042670917036,47
554,14019,48.82503085292528,2.326412869398186,22
555,14020,48.82121678968934,2.321173502143062,54
556,14021,48.824489702456674,2.318447431048976,59
557,14022,48.82656671997367,2.313276757777748,32
558,14023,48.82365348025463,2.307766825585275,49
559,14024,48.82798948736595,2.30567210645885,24
560,14025,48.82957040473214,2.318353021413872,36
561,14026,48.83014719579205,2.323313445980224,45
562,14027,48.83088717455243,2.318882101207347,36
563,14028,48.83163970406255,2.315158529047339,47
564,14029,48.83425924993043,2.313391647113252,67
565,14030,48.834254627953044,2.317609339386963,33
566,14032,48.832501278703454,2.325401166692975,31
567,14033,48.83568044417256,2.328290822051698,38
568,14034,48.83617286014242,2.319392143923804,24
569,14035,48.83788362776244,2.322551640018162,48
570,14036,48.83439079700681,2.329303946545288,43
571,14037,48.82570981702807,2.321849987344236,33
572,14101,48.8415048015128,2.323277715643321,33
573,14103,48.835064363954004,2.323731449973991,27
574,14104,48.83425013505391,2.317614786781552,22
575,14106,48.825325870060475,2.310670653467625,21
576,14107,48.82341630050286,2.322936857107952,33
577,14108,48.82234096593411,2.327861653302471,21
578,14110,48.82774626607582,2.320714098089133,24
579,14111,48.837549292197465,2.335983030466524,24
580,14112,48.83586772099485,2.33798034198275,16
581,14113,48.83512886504287,2.34157863455693,37
582,14114,48.83729330936107,2.317482930639117,43
583,14115,48.82392316854465,2.316573329316086,33
584,14116,48.820323646126774,2.32300304092451,12
585,14117,48.83932502506044,2.320954125728877,39
586,14120,48.82195530645611,2.326806869905884,28
587,14122,48.82650293311012,2.309274799827166,19
588,14124,48.821111770492195,2.333785290429607,24
589,14125,48.830723214583635,2.336146557204349,24
590,14126,48.816980981259285,2.332609687921881,42
591,14127,48.842842278074414,2.324441565139471,40
592,15001,48.843748889163884,2.322451937473582,43
593,15002,48.843085317465956,2.320263946784738,17
594,15003,48.841807179879716,2.319510026901171,67
595,15004,48.8405958674037,2.315363038202961,21
596,15005,48.84265080464087,2.312727390214462,42
597,15006,48.844575963933345,2.317756579232021,36
598,15008,48.84483801922715,2.311085506094106,62
599,15009,48.84717561492764,2.307052147596786,46
600,15010,48.84757532146731,2.30286310050181,59
601,15011,48.845831419610754,2.301753086991115,62
602,15012,48.84327733003522,2.30230766886348,67
603,15013,48.843542735006295,2.306558615574665,54
604,15014,48.84132050184004,2.30808901725357,34
605,15016,48.83831247462415,2.308531843822157,41
606,15017,48.83633386181694,2.310466238030852,21
607,15018,48.83657566425034,2.306874517122675,56
608,15019,48.84005771883908,2.304507420961214,37
609,15020,48.841709640161135,2.298549294011849,32
610,15021,48.844806421735925,2.297572005982148,63
611,15022,48.84709868413047,2.296238450505518,39
612,15023,48.84865631590525,2.299244076945987,34
613,15024,48.85091460817171,2.301293384670141,22
614,15025,48.851454182127426,2.296710300930856,48
615,15026,48.85384405433351,2.289705348222022,32
616,15027,48.8365662244334,2.312707121097412,20
617,15028,48.851396721123486,2.291889313228121,69
618,15029,48.850614750906075,2.2872501634709,53
619,15030,48.84804578628324,2.284380633700994,33
620,15031,48.84817034136516,2.289906646457531,53
621,15032,48.838734408274696,2.281755540138765,57
622,15033,48.84479039026177,2.290541560154527,48
623,15034,48.844425919545365,2.29404143328216,55
624,15035,48.84245875550452,2.292173541441698,42
625,15036,48.84307638694992,2.29514141310447,47
626,15037,48.84041618840877,2.295464906515111,47
627,15038,48.839635080561905,2.300654459291639,66
628,15039,48.836058393856256,2.301865968384287,12
629,15040,48.83411714783768,2.308850015466539,36
630,15041,48.83285390827691,2.306898478208195,36
631,15042,48.83373383017729,2.271396472461431,21
632,15043,48.8290542164508,2.301417436043831,11
633,15044,48.83026939028786,2.296008076086666,33
634,15045,48.828174936365855,2.292587522548244,36
635,15046,48.83220734518481,2.302328737691185,29
636,15047,48.83317977055646,2.299282641599619,52
637,15048,48.83054566944578,2.292046396699678,22
638,15049,48.83217944426036,2.287122261982559,23
639,15051,48.83598100445596,2.293467119128608,8
640,15052,48.83767682233156,2.295586926020252,48
641,15053,48.83922209776229,2.291540507948998,45
642,15054,48.83797034201205,2.287582307043615,19
643,15055,48.83670949649014,2.283692380806422,53
644,15056,48.836537289470876,2.278717697019357,22
645,15058,48.840094446742086,2.271589911985344,46
646,15059,48.84071436444365,2.278018571567725,64
647,15060,48.84429286557653,2.277345897096496,21
648,15061,48.83476837934194,2.284142297394666,22
649,15062,48.84214433157821,2.285862655943941,36
650,15063,48.84329535889522,2.283209000018466,19
651,15064,48.84629491826888,2.278413912593796,45
652,15065,48.84638377300338,2.280008411904129,63
653,15067,48.852804604940296,2.293077029857222,12
654,15068,48.83817131024899,2.270338379746369,20
655,15069,48.84124933604105,2.288386600849503,46
656,15070,48.83863387153602,2.278274193061826,36
657,15071,48.8548517488353,2.29500791364336,22
658,15102,48.85116724067966,2.284607607567737,23
659,15103,48.84341723238589,2.275108332056225,49
660,15104,48.83767900330845,2.275730609312381,65
661,15105,48.85276674352813,2.297876431467921,24
662,15106,48.84992110186206,2.294660575884377,67
663,15107,48.833573618230396,2.28548042091786,43
664,15108,48.84472879162449,2.287141454149495,22
665,15109,48.84244145218906,2.281070755215898,29
666,15110,48.83621036148383,2.281039381009245,23
667,15111,48.83465886279274,2.295789480315903,24
668,15112,48.83875881349699,2.3109360795034,22
669,15113,48.84040040365445,2.313117867297474,25
670,15114,48.83893690995958,2.316168412063174,33
671,15115,48.84132525980798,2.318291551592712,48
672,15118,48.84319882807092,2.322257377279243,22
673,15120,48.8296843300915,2.275342586850291,29
674,15122,48.83552475359102,2.302621940941139,14
675,15123,48.84799219346147,2.296681685691776,42
676,15125,48.83321982302087,2.276630334051614,50
677,15126,48.83110018727262,2.285387594831689,50
678,16001,48.87121371219122,2.293692133647844,26
679,16002,48.87518496111192,2.284219432060596,38
680,16003,48.87793081716105,2.278959824969939,29
681,16004,48.870753284048824,2.274875298344967,70
682,16005,48.870306124369975,2.285074541420228,25
683,16006,48.869260223734464,2.289918722838758,17
684,16007,48.864910448589,2.292519101004145,39
685,16008,48.86741186571367,2.290781380114821,32
686,16009,48.8664391603377,2.28574594430153,16
687,16010,48.86585549636314,2.282859908979733,23
688,16011,48.86810888689743,2.281477522417188,39
689,16012,48.86877849178477,2.274354539176829,42
690,16013,48.8640767117056,2.276881687006711,34
691,16014,48.86354640344584,2.286394496925036,24
692,16015,48.86814451048207,2.296149600985935,15
693,16016,48.86011610962658,2.280840481911055,33
694,16017,48.861720329027264,2.275346568555312,16
695,16018,48.86441140945903,2.272448647646471,17
696,16019,48.863025315388256,2.268806550199479,36
697,16020,48.85738212799326,2.264277072081002,35
698,16021,48.858427696615,2.274308524144912,23
699,16022,48.85756688978446,2.280027395306772,17
700,16023,48.85838125289731,2.284129012892127,33
701,16024,48.852933160466996,2.280439719992999,22
702,16025,48.85278694409958,2.275580584185594,69
703,16026,48.855484883720074,2.270408657395703,23
704,16027,48.85286124871689,2.268483570651513,61
705,16028,48.8510048746653,2.272469482915694,66
706,16029,48.851359912581465,2.277697269448623,45
707,16030,48.84766571002937,2.273556264965371,55
708,16031,48.85615074338874,2.275188414671189,24
709,16032,48.84749841771691,2.26848387135299,20
710,16033,48.84842761367387,2.265253821160005,31
711,16034,48.84795020779427,2.260659826137633,33
712,16035,48.84889282099704,2.257651561474888,66
713,16036,48.84524431387353,2.256939537401627,60
714,16037,48.84518208153803,2.26211277356597,52
715,16038,48.84509712653168,2.265724147895062,34
716,16039,48.84096295264689,2.264394118075111,46
717,16040,48.843104494735165,2.259821391742079,33
718,16041,48.8402193380741,2.263834191152959,43
719,16042,48.837555260014625,2.257972572706903,56
720,16043,48.85780291711202,2.277500546942199,15
721,16044,48.838713363162405,2.252191060537607,32
722,16101,48.87669268743692,2.283457593383419,34
723,16102,48.87356870686902,2.281512522529856,27
724,16103,48.87279915599243,2.291508179426733,21
725,16104,48.871361039775586,2.288866396041159,34
726,16105,48.870809428669546,2.281149007691853,31
727,16107,48.86598324102434,2.275725635731198,33
728,16108,48.86387513126816,2.281890736577358,35
729,16110,48.860998366138176,2.273128527136584,21
730,16111,48.85940308194,2.276522089027703,32
731,16112,48.8569864146289,2.282173218142987,36
732,16115,48.852618846108584,2.262930039103354,41
733,16116,48.84986918764119,2.268257387525699,29
734,16118,48.840610399663696,2.258373658198948,26
735,16121,48.87872089183019,2.270568097209188,33
736,16122,48.88007964311162,2.258576589883702,50
737,16124,48.875095937895146,2.24921698799858,66
738,16129,48.86208186703379,2.261746386041142,42
739,16130,48.86375793103505,2.267504683574771,33
740,16135,48.870753284762095,2.274876660726365,29
741,17001,48.892822963023484,2.326803489834799,45
742,17002,48.887901345530516,2.324400445437174,37
743,17003,48.895809485802886,2.327897409164145,45
744,17004,48.88896161855884,2.322528975094376,22
745,17005,48.89032998912038,2.319730559929781,35
746,17006,48.89206408624542,2.323291341208543,22
747,17007,48.89591411750011,2.322727367054828,34
748,17008,48.89877379280426,2.322478477864687,36
749,17009,48.89263392143244,2.317313258110739,33
750,17010,48.894768624696255,2.318885353974425,35
751,17011,48.894151383293696,2.314678001115381,54
752,17012,48.8841012931631,2.322206025347343,23
753,17013,48.88543773089454,2.316473835914172,22
754,17014,48.89678739589962,2.310714419009491,34
755,17015,48.88368821751221,2.313284405397194,49
756,17016,48.88818698581028,2.316861143151153,21
757,17017,48.88714045186671,2.314521605640858,32
758,17018,48.881161983577115,2.30951238050775,17
759,17019,48.882608816433404,2.309026487339271,20
760,17020,48.885069943671056,2.307083216664497,26
761,17021,48.8842894403224,2.305497444260642,40
762,17022,48.887070607581215,2.304111124531457,45
763,17023,48.89058621555025,2.303457408685266,36
764,17024,48.88120833279596,2.316449640798716,12
765,17025,48.879430375526404,2.303467406687128,35
766,17026,48.88185715074461,2.301138378176729,41
767,17027,48.885263313654036,2.298286466799226,51
768,17028,48.88880002064895,2.296319931841717,36
769,17029,48.881411101219356,2.29482820074442,36
770,17030,48.883639153899324,2.295152067446227,23
771,17031,48.88561741628322,2.290781411279206,27
772,17032,48.88657099335245,2.288612344984025,39
773,17033,48.87553842110213,2.293732100169925,32
774,17036,48.87949288672707,2.291498184912626,27
775,17037,48.881830717500975,2.292140665828861,22
776,17038,48.87617438949852,2.288247405087516,56
777,17039,48.87815529789739,2.288518047864942,38
778,17040,48.879813218337546,2.287956452342442,46
779,17041,48.88287775178599,2.287667370814871,39
780,17042,48.87775003341883,2.284444356553717,37
781,17043,48.88023362761321,2.285380679473588,38
782,17044,48.89792240854517,2.32851451022192,42
783,17045,48.87841038648281,2.297831064713626,43
784,17046,48.87753208413017,2.294512536052928,25
785,17047,48.883769733273496,2.29858466343129,26
786,17048,48.88240228540158,2.314000411222978,15
787,17049,48.888199236153696,2.310623417567974,19
788,17050,48.88310390458221,2.323834749088381,17
789,17101,48.88434112466304,2.288273752637337,23
790,17102,48.887849493840015,2.300034397977882,33
791,17104,48.881725659667424,2.283682661669767,22
792,17105,48.883498081948446,2.28201558962579,41
793,17106,48.89434509295414,2.312593886564347,20
794,17107,48.885913128256156,2.293234151072418,36
795,17108,48.896181267908254,2.318020679358361,54
796,17109,48.89953828305808,2.320133661435273,31
797,17110,48.8877723254283,2.32036786584418,29
798,17111,48.890020496141,2.3175909298999,23
799,17115,48.89876008065392,2.329558517454781,27
800,17116,48.891834448210986,2.300144659954865,33
801,17117,48.888185641932566,2.310120536549759,30
802,17119,48.884924358880866,2.310908552941167,31
803,18001,48.88727464264267,2.332648363845394,18
804,18002,48.88530162190402,2.347211037538656,24
805,18003,48.886456815828815,2.332897827913839,43
806,18004,48.884482392727506,2.338812297029362,13
807,18005,48.88416326647458,2.341879802310627,17
808,18006,48.88469160640549,2.344139285947184,33
809,18007,48.88519800938002,2.349941991688297,18
810,18008,48.88666702637514,2.353213071624058,33
811,18009,48.88611466796807,2.356855627529275,22
812,18010,48.89013398748709,2.360504244841426,48
813,18011,48.89284571116732,2.363429016279767,35
814,18012,48.888864896056646,2.355966721417555,36
815,18013,48.88778177066002,2.350517738222509,17
816,18014,48.88832421845225,2.353573372638597,13
817,18015,48.88861971645056,2.34701133583386,41
818,18016,48.89002290339246,2.342450012678194,32
819,18017,48.889677905028066,2.338178714426107,38
820,18018,48.890747210171405,2.330820396477741,19
821,18019,48.89187795708742,2.335447427689794,49
822,18020,48.89104123261663,2.340014585442034,18
823,18021,48.89092238296793,2.344986482110517,20
824,18022,48.89045112096476,2.349057392968696,47
825,18023,48.891213890844654,2.351288666219873,34
826,18024,48.89145772615378,2.348636478060487,39
827,18025,48.892925653432606,2.344517921162641,39
828,18026,48.89289528396782,2.340119632436559,33
829,18027,48.89340039298187,2.336266523912805,28
830,18028,48.89405725132698,2.332199335980013,33
831,18029,48.89453090447961,2.341541339092219,38
832,18030,48.89373427753593,2.347517966604574,38
833,18031,48.8957969797804,2.345585584134864,46
834,18032,48.89748845974928,2.343996499337776,32
835,18033,48.89669238777841,2.338023450388167,33
836,18034,48.89632834851598,2.333390423834684,41
837,18035,48.89913599014183,2.336893453557286,37
838,18036,48.899410681516315,2.345920133314917,55
839,18037,48.89454171584971,2.352295466779576,20
840,18038,48.895219904680076,2.360097619095422,49
841,18039,48.88702120343877,2.366886248240863,20
842,18040,48.88457006316311,2.360215572664323,23
843,18041,48.88219420395092,2.340651849622331,20
844,18042,48.88272809054509,2.336262639016585,21
845,18043,48.88356474485461,2.333418629410461,20
846,18044,48.88412710804656,2.328807098192234,32
847,18045,48.88662714856098,2.326293689316426,16
848,18046,48.88794016394694,2.326124420314341,33
849,18047,48.89108304029555,2.326735694839291,33
850,18048,48.89838502265066,2.360877349227116,72
851,18049,48.89845217331982,2.369609463335461,68
852,18101,48.895470370399146,2.349865450921441,22
853,18102,48.89648283189724,2.358845525233447,33
854,18103,48.898902753436644,2.364732494174034,23
855,18104,48.892656891991216,2.359435454901881,17
856,18105,48.89740678787196,2.352526659355508,32
857,18107,48.88470686398326,2.35358041022707,33
858,18108,48.895090329766326,2.368694139840156,21
859,18109,48.88959697085082,2.362853604262514,46
860,18110,48.886665624668375,2.36151933793529,17
861,18111,48.88949630486821,2.333393658804396,24
862,18112,48.89801434321366,2.333653376162832,25
863,18113,48.887573070953394,2.334327336417932,22
864,18114,48.885257971348466,2.334617735640665,21
865,18122,48.8992688633167,2.342963477309899,29
866,19001,48.894104140316266,2.372946088467279,56
867,19002,48.889351453486974,2.370774488055213,40
868,19003,48.884316180647176,2.369829579572023,25
869,19004,48.88339733854529,2.371074522980134,16
870,19005,48.888013281448345,2.373759595522922,20
871,19006,48.890678129431244,2.376142468863619,55
872,19007,48.89270999207067,2.379199748024915,30
873,19008,48.89465024997023,2.381868729508476,25
874,19009,48.89654905978759,2.384649644021933,30
875,19010,48.9011641133776,2.388590733869235,22
876,19011,48.89338005002269,2.384999756896168,47
877,19012,48.88270064422199,2.37469338894231,60
878,19013,48.884580740689145,2.380126650253716,33
879,19014,48.88633508261527,2.38246120055766,18
880,19015,48.88915491757438,2.383375417280365,21
881,19016,48.88639367943585,2.386541454435452,30
882,19017,48.888368942022076,2.390991659376403,34
883,19018,48.88878607082584,2.392686122067147,60
884,19019,48.88638963492462,2.393637514433606,22
885,19020,48.88466206560529,2.390209687445294,23
886,19021,48.88259146668893,2.381220610289335,25
887,19022,48.881447321103366,2.3734047671616,23
888,19023,48.87649965412676,2.379407362599104,23
889,19024,48.8779512535706,2.381464662877906,19
890,19025,48.879561452237105,2.388960410783913,17
891,19026,48.881953172445236,2.392496216649528,16
892,19027,48.88060605357415,2.397896290610498,18
893,19028,48.876468339733144,2.392284629788502,20
894,19029,48.88679881177337,2.374719516795626,18
895,19031,48.883029839280404,2.386348840022855,23
896,19033,48.89594736851349,2.381133802246315,44
897,19034,48.89034195521685,2.397813642189543,52
898,19035,48.88573329985865,2.397846415383189,21
899,19036,48.87993041552843,2.400950502014892,33
900,19037,48.87660391892763,2.404769691129476,31
901,19038,48.8755503947562,2.389038160847546,19
902,19039,48.879775248860305,2.374834351164813,24
903,19040,48.87563618071149,2.399461451982782,40
904,19041,48.874349136528856,2.386095373996461,42
905,19043,48.89380017103502,2.397910366434026,51
906,19044,48.89713005307456,2.396079008206681,50
907,19045,48.89883019280789,2.379330109097762,65
908,19046,48.88904006806684,2.395289461796378,33
909,19101,48.87507040406307,2.382591714979966,24
910,19102,48.87315262385819,2.379855610627962,15
911,19103,48.88477085803391,2.392093119901052,20
912,19105,48.883659210937324,2.395719508193907,17
913,19106,48.901773851724236,2.372628293645748,30
914,19109,48.88623341742983,2.368856390499634,19
915,19110,48.89909167251088,2.374033209740869,18
916,19113,48.87792341192515,2.395985553624166,28
917,19114,48.87927519569598,2.378637021920256,20
918,19115,48.89849005307383,2.386120008210507,27
919,19116,48.881472498481,2.37026248225988,30
920,19117,48.88630005108641,2.377388863133627,30
921,19118,48.87712417766737,2.374276509236151,22
922,19119,48.8805744614225,2.376853000562019,26
923,19120,48.87751625686576,2.386099720372164,27
924,19121,48.875518068648745,2.392960787279829,21
925,19124,48.88176979385826,2.403179367969562,31
926,19125,48.8887900267753,2.378500156138491,30
927,20001,48.848364667776785,2.399762385981272,36
928,20002,48.8738036229888,2.396012223300534,15
929,20004,48.84706441752541,2.416022960021078,16
930,20005,48.849266043601794,2.412330328844772,19
931,20006,48.85028528063579,2.406296107816583,12
932,20007,48.85161720499866,2.401513597307666,50
933,20008,48.853246898211985,2.405871044529538,31
934,20009,48.85402328452585,2.412058016605679,20
935,20011,48.85550135398888,2.405168520639166,21
936,20012,48.85392327608324,2.400038749270361,15
937,20013,48.85535513998682,2.399728589689724,44
938,20014,48.85616737956336,2.394825009354706,33
939,20015,48.85714339209092,2.394872401627679,38
940,20016,48.85712940035504,2.404425625176959,19
941,20017,48.8569749400317,2.408842457406961,27
942,20018,48.85862166935013,2.409942553877677,36
943,20020,48.86095933229224,2.400421852042113,28
944,20021,48.86272646274573,2.403351311000777,36
945,20022,48.86422186786416,2.408205411854939,33
946,20023,48.865000818476524,2.403980836377493,15
947,20024,48.86429569616587,2.398228667282044,29
948,20025,48.8653941647232,2.397814475307571,33
949,20026,48.867925154026736,2.400976623546542,33
950,20027,48.86915436091744,2.409322468794871,15
951,20028,48.86518641284941,2.394468581137673,49
952,20029,48.87809927643587,2.411046298532085,25
953,20030,48.863411107404715,2.387133957573714,56
954,20031,48.86554086710007,2.387724496163364,30
955,20032,48.86629510600211,2.389350412433471,12
956,20033,48.86804941024793,2.385133097618902,31
957,20034,48.8685264710698,2.389795409535456,24
958,20035,48.86941289116132,2.395039981220676,26
959,20036,48.87068263384462,2.398959602331646,19
960,20037,48.871265918355746,2.403950752208758,24
961,20038,48.87354903513998,2.411003035880057,19
962,20039,48.868940642855314,2.381282601102786,48
963,20040,48.870393671603765,2.384222472712587,26
964,20041,48.87119943139012,2.37799433828966,59
965,20042,48.87215737993568,2.391739173776302,47
966,20043,48.85160266522164,2.398403047037931,27
967,20044,48.852919679957296,2.410522909779111,27
968,20045,48.86346964122224,2.409670100215905,30
969,20047,48.84733105311541,2.410390008197302,48
970,20048,48.85977764445994,2.403444261324574,28
971,20103,48.86803439043193,2.411030612453627,25
972,20104,48.86216198070008,2.41112578185621,22
973,20105,48.85255339271965,2.415542372109208,30
974,20106,48.86535224200028,2.398946448081101,18
975,20107,48.85128527615814,2.412733641628248,23
976,20108,48.8615729587877,2.40568863716159,22
977,20109,48.8694370761222,2.40539657537972,21
978,20110,48.87541242186098,2.4059603311549,20
979,20111,48.86736229716581,2.396222890988687,20
980,20112,48.87409248091576,2.389435908330615,20
981,20113,48.871956266355284,2.384981390278095,21
982,20115,48.864423648565946,2.410411115844628,20
983,20116,48.85386896766491,2.402426162238911,22
984,20117,48.87274726903625,2.408203454302088,32
985,20118,48.855586428478716,2.408762907764669,23
986,20119,48.87013645868239,2.396690612876254,25
987,20120,48.87333822523646,2.413239879550039,30
988,20121,48.868910127448686,2.392020489286297,18
989,20122,48.86024012095245,2.408758427822183,27
990,20131,48.85935852359255,2.389613136684456,33
991,20132,48.852566752033766,2.403928068708116,25
992,20133,48.85352868594103,2.409615362775532,27
993,20503,48.84772496898469,2.405907317017889,21
994,21001,48.84829980953699,2.237570110207174,26
995,21002,48.84317665587707,2.246214231580669,20
996,21003,48.84563813883328,2.237011471343659,23
997,21004,48.840023256521405,2.239818996972534,31
998,21005,48.834953979664654,2.241688247102405,25
999,21006,48.84159702890181,2.233496775544275,26
1000,21007,48.84064929857331,2.227978774754288,52
1001,21008,48.83792331477094,2.246064151544099,33
1002,21009,48.83799829528177,2.240846664821182,46
1003,21010,48.83550440751354,2.232531432424099,25
1004,21011,48.832274660164984,2.234016401349805,23
1005,21012,48.83058629616053,2.23449077993291,50
1006,21013,48.82584693469992,2.248821391087721,21
1007,21014,48.83142865005039,2.241204653436161,22
1008,21015,48.827600424128306,2.241835191324587,23
1009,21016,48.828753141436465,2.245911467014621,25
1010,21017,48.833473679272245,2.243900532079072,56
1011,21018,48.82824349415854,2.250657739639016,26
1012,21019,48.83486081059702,2.24786255060931,28
1013,21020,48.8319998153979,2.253719988007252,28
1014,21021,48.833174958910085,2.257005867300889,40
1015,21101,48.90249245151852,2.297840007374352,25
1016,21102,48.89710985013293,2.309900498213689,25
1017,21103,48.90146015675393,2.31712992065507,25
1018,21104,48.903676702256305,2.319176657580128,22
1019,21105,48.902615193840354,2.313320636502019,24
1020,21106,48.90066034942664,2.308569535028556,25
1021,21107,48.89935963697993,2.304040560698093,23
1022,21108,48.90362101215587,2.306228565729878,50
1023,21109,48.90513700396853,2.302503160581296,18
1024,21110,48.90550311453459,2.310820381708937,35
1025,21111,48.90811038299345,2.307519710082483,50
1026,21112,48.91042912572328,2.311768175774796,28
1027,21113,48.89934835377262,2.296626483412839,25
1028,21201,48.81629067700394,2.311279543410485,22
1029,21202,48.81724491166988,2.327505999243827,34
1030,21203,48.81251090819872,2.325680623044519,28
1031,21204,48.815388220397274,2.320886790760933,31
1032,21205,48.81386296358667,2.306943605660779,26
1033,21206,48.818233732603204,2.320884532546307,50
1034,21207,48.815529633678416,2.317029863731327,29
1035,21208,48.813080911445375,2.319787936689348,30
1036,21209,48.81110183777253,2.314629747784999,30
1037,21210,48.81781709390142,2.324031278297223,32
1038,21211,48.811749821310805,2.303169887627808,38
1039,21301,48.81948999388875,2.253869419958486,34
1040,21302,48.82103025286573,2.251019571526973,25
1041,21303,48.8234505470138,2.249665298288027,31
1042,21304,48.82095510788007,2.260736413345762,20
1043,21305,48.82412590462087,2.260645985489782,25
1044,21306,48.829743387678306,2.263816341546103,62
1045,21307,48.82267836713668,2.26863109328801,31
1046,21308,48.82129237695624,2.273313693518059,25
1047,21309,48.823718477668116,2.272254454061792,41
1048,21310,48.82692976736927,2.272250431956518,24
1049,21311,48.827470501735846,2.278549600821535,55
1050,21501,48.86756580613017,2.225998484960623,51
1051,21502,48.87100304154044,2.227477476770916,25
1052,21503,48.87092048763355,2.229589352206592,24
1053,21701,48.81693991129161,2.280989480484553,28
1054,21702,48.81893986428991,2.291959872467908,51
1055,21703,48.82104992345953,2.29130063072414,24
1056,21704,48.8217026998931,2.285395624828388,25
1057,21705,48.823599644256994,2.288819729513169,25
1058,21706,48.82330323408161,2.296506343553357,48
1059,21707,48.82509932921558,2.292500331456548,24
1060,22001,48.89051191347665,2.270167225273174,25
1061,22002,48.8886487735565,2.263904602692138,25
1062,22003,48.88670498310478,2.261263518031739,25
1063,22004,48.88470729343783,2.261530819987246,28
1064,22005,48.884298929372775,2.260991772099528,22
1065,22006,48.883026659159576,2.260096983931875,25
1066,22007,48.87536028390831,2.255699331629116,36
1067,22008,48.882951625354735,2.265135008741844,27
1068,22009,48.880939489446405,2.271540900630842,29
1069,22010,48.881674445965444,2.271177498924511,27
1070,22011,48.87944136963256,2.278535717122779,25
1071,22012,48.88274991547126,2.277406381277526,25
1072,22013,48.88514005309086,2.267800008253524,31
1073,22014,48.88780106859287,2.278072424368198,25
1074,22101,48.843126205966946,2.222189235680779,50
1075,22401,48.822528306004045,2.298631654119718,53
1076,22402,48.82146007977343,2.302899459965933,50
1077,22403,48.82183564791793,2.313458608254228,24
1078,22404,48.81755975358179,2.307485841267489,25
1079,22405,48.81933915840963,2.300476865047907,25
1080,22406,48.81524985420581,2.298000156576173,23
1081,22407,48.81467965888627,2.287400457411747,25
1082,23001,48.8936146524531,2.277618727223195,35
1083,23002,48.89834985151272,2.279179488786839,50
1084,23003,48.89834000227244,2.285089933584791,25
1085,23004,48.89819702263572,2.293848017974069,35
1086,23005,48.89605104637654,2.296836251513375,25
1087,23006,48.89086032289106,2.295000370135378,25
1088,23007,48.890380265413896,2.292160482166423,25
1089,23008,48.89319467536488,2.288914160056623,25
1090,23009,48.88876277771239,2.288136014379512,50
1091,23010,48.89196232896482,2.284204990113615,25
1092,23011,48.88668137249892,2.284023691218167,25
1093,28001,48.87870685346761,2.241975493693907,30
1094,28002,48.88468633886006,2.24812549088851,60
1095,28003,48.88047087219649,2.237362446304566,35
1096,31001,48.84923030086477,2.421429940007031,27
1097,31002,48.85281419134583,2.419307088753658,25
1098,31003,48.85491133239914,2.418772429756711,17
1099,31004,48.85550131286469,2.422055733613231,46
1100,31005,48.857340266319056,2.424375554077757,44
1101,31006,48.85375961633593,2.424445808011069,27
1102,31007,48.857477789996096,2.432569781846518,25
1103,31008,48.857702134020954,2.43736866129498,56
1104,31009,48.868812363869445,2.432974795223919,26
1105,31010,48.85681112307105,2.444987425339264,44
1106,31011,48.858923026828876,2.443142118235335,23
1107,31012,48.85581031101047,2.441520442445324,25
1108,31013,48.85845965431733,2.427390310720301,45
1109,31701,48.868453299036005,2.417816934736978,53
1110,31702,48.87065801285895,2.424046437536216,50
1111,31703,48.875266998400875,2.423649490518398,27
1112,31704,48.873929200033544,2.427933579778934,28
1113,31705,48.8645278209514,2.416170724425901,50
1114,31706,48.86302549226599,2.415622204179507,25
1115,31707,48.85839567854653,2.414860628003844,49
1116,31708,48.874457717241434,2.415138092250742,22
1117,31709,48.857050394743816,2.422549956709779,23
1118,32001,48.906469373243816,2.358442053954938,33
1119,32003,48.90933002188958,2.358050565736408,29
1120,32004,48.91519864243704,2.357500683686108,43
1121,32006,48.908586716952485,2.358482457792231,38
1122,32008,48.905745467654526,2.364997877155126,35
1123,32601,48.87859034882813,2.411899977886774,43
1124,32602,48.879400053236665,2.416160661832177,56
1125,32603,48.881141015697715,2.424974243066201,25
1126,32604,48.88121542730233,2.420209155333817,28
1127,32605,48.88217309420464,2.42327263606036,22
1128,32606,48.883240251645354,2.418912369645038,25
1129,33001,48.9031834065108,2.368025612608799,60
1130,33003,48.903964024558526,2.383125490914395,45
1131,33005,48.90638339809583,2.3895475019254,32
1132,33006,48.91014367100379,2.385052018244114,29
1133,33007,48.91357692525169,2.382201363198806,57
1134,33009,48.907885757266726,2.378838474064149,33
1135,33010,48.911104809734795,2.379143742302604,32
1136,33011,48.9113936890419,2.375281319974922,28
1137,33012,48.915156182813234,2.376424009514086,30
1138,33013,48.91450611282391,2.391051496878653,29
1139,33102,48.886526983267544,2.407468689386476,18
1140,33103,48.8840012644345,2.40798991938787,23
1141,33104,48.883620233843736,2.403240318366616,55
1142,34001,48.90088962687602,2.324819807804481,24
1143,34002,48.90259224163092,2.330513564840273,26
1144,34003,48.901327032601834,2.335301237471689,25
1145,34004,48.90249976045801,2.342248144661283,25
1146,34005,48.90255327822273,2.348274936304947,25
1147,34006,48.90630480606801,2.343969017042765,25
1148,34007,48.905362251416825,2.33738964850196,25
1149,34008,48.90573507605387,2.331497459792166,25
1150,34009,48.905269629379745,2.322171248688672,26
1151,34010,48.91157045930829,2.333910127129224,50
1152,34011,48.91418831239901,2.332082835871755,23
1153,35001,48.91013709505388,2.399325633305226,26
1154,35002,48.90722601266413,2.396129200445667,31
1155,35003,48.902691617981425,2.393255829334146,20
1156,35004,48.89732893682894,2.400576593854137,60
1157,35005,48.89571394982448,2.400571894427273,27
1158,35006,48.89633193166097,2.409087652725976,22
1159,35007,48.893943713189884,2.418029659686782,21
1160,35008,48.89271966633131,2.412529571472175,30
1161,35009,48.892139409307205,2.409107737701187,22
1162,35010,48.8910789762746,2.402775519686335,24
1163,35011,48.89048461623744,2.406498213832891,18
1164,35012,48.889485840195675,2.414307515111288,25
1165,35013,48.88948842001478,2.419848968734546,24
1166,35014,48.893268664697416,2.412715733388685,25
1167,41101,48.806380010297374,2.336710402545291,25
1168,41102,48.80880039499338,2.334689654662475,43
1169,41103,48.8104231700653,2.326969764620641,25
1170,41201,48.84630286069406,2.472408774870391,41
1171,41202,48.84367434144252,2.46308263962204,65
1172,41203,48.85012523205611,2.455529172111142,51
1173,41301,48.836125842982426,2.470375451268832,50
1174,41302,48.83648112918176,2.479464268709081,50
1175,41601,48.8390304317692,2.417410435403506,24
1176,41602,48.84354695991566,2.418317476567148,32
1177,41603,48.84577921916455,2.42377059524055,19
1178,41604,48.84931182683785,2.417909769042342,30
1179,41605,48.836088679522916,2.418907594723682,22
1180,42001,48.82032218367611,2.394981240086619,22
1181,42002,48.81492646724632,2.392001635824925,21
1182,42003,48.81466008216803,2.39826154064032,30
1183,42004,48.81901271850839,2.396719172442698,27
1184,42005,48.81470643213481,2.402382434342763,21
1185,42006,48.81692972056123,2.381460319184223,20
1186,42007,48.812890561496765,2.37065026341858,28
1187,42008,48.81420628475591,2.384207013557983,25
1188,42009,48.807259280597854,2.375130199053175,50
1189,42010,48.81084586456464,2.383950863420485,53
1190,42011,48.82211534378805,2.392850382414293,29
1191,42012,48.81020034796606,2.379670589115164,25
1192,42013,48.81591109646686,2.368229729243504,24
1193,42014,48.81414053750237,2.390909368067142,51
1194,42015,48.818002269823786,2.372432376034225,25
1195,42016,48.81584739281451,2.376943795472109,26
1196,42201,48.823963252286866,2.399998420132992,26
1197,42202,48.82273601209771,2.405659203207511,23
1198,42203,48.82040389400885,2.408405472156745,32
1199,42205,48.82214312580458,2.412602786467704,22
1200,42206,48.823784089670774,2.410013540400843,23
1201,42207,48.8266572063246,2.405876723011083,28
1202,42501,48.81018525895405,2.343789204183994,30
1203,42502,48.81312764791622,2.346794374352219,30
1204,42503,48.813156677717764,2.332054794950423,30
1205,42504,48.81444017962381,2.341070654172592,30
1206,42505,48.81576879198393,2.350476198934541,30
1207,42701,48.80721112325003,2.353852672868236,30
1208,42702,48.81047749960048,2.358172896462481,20
1209,42704,48.81201281428704,2.35697189328747,25
1210,42705,48.81280029637467,2.361041166442304,25
1211,42706,48.81466249560886,2.36134550272134,30
1212,42707,48.81236782937978,2.361809848253217,25
1213,43001,48.84633805388875,2.420247340474637,22
1214,43002,48.84887901900429,2.426198422131812,25
1215,43003,48.845719900926,2.427406302761393,26
1216,43004,48.85041836676044,2.43451378622076,25
1217,43005,48.847550436310826,2.433432607923368,49
1218,43006,48.841486856300165,2.430793451133684,28
1219,43007,48.84825775272934,2.439892899386235,25
1220,43008,48.84779066448261,2.444690887827985,25
1221,43009,48.84696126017499,2.452237396596088,50
1222,43010,48.849744956976856,2.451960306308826,25
1223,43401,48.81995410122802,2.464025504702534,45
1224,44101,48.81505000619745,2.459239414806482,48
1225,44102,48.822175804937544,2.421504476062366,25
