
N	1000
r	0.333333
Steps	1e+005
Sample	1e+006

k	<x(k)>	SD[x(k)]
-14	0.000001	0.000032
-13	0.000003	0.000051
-12	0.000003	0.000055
-11	0.000005	0.000073
-10	0.000022	0.000146
-9	0.000059	0.000239
-8	0.000171	0.000412
-7	0.000513	0.000726
-6	0.001287	0.001151
-5	0.003458	0.001866
-4	0.009283	0.002881
-3	0.025027	0.004630
-2	0.067990	0.007351
-1	0.221175	0.011830
0	0.341240	0.014477
1	0.221720	0.012056
2	0.068334	0.007206
3	0.025186	0.004636
4	0.009234	0.002934
5	0.003412	0.001792
6	0.001205	0.001075
7	0.000427	0.000649
8	0.000161	0.000396
9	0.000058	0.000242
10	0.000021	0.000143
11	0.000003	0.000058
12	0.000001	0.000031
13	0.000001	0.000024
14	0.000000	0.000000

N	1000
r	0.423077
Steps	1e+005
Sample	1e+006

k	<x(k)>	SD[x(k)]
-14	0.000002	0.000043
-13	0.000004	0.000065
-12	0.000021	0.000145
-11	0.000051	0.000235
-10	0.000108	0.000332
-9	0.000265	0.000491
-8	0.000586	0.000744
-7	0.001334	0.001164
-6	0.003027	0.001708
-5	0.006966	0.002547
-4	0.015783	0.003732
-3	0.036145	0.005639
-2	0.083820	0.008090
-1	0.205742	0.012065
0	0.293500	0.014207
1	0.205251	0.012260
2	0.082869	0.008174
3	0.035981	0.005586
4	0.015776	0.003798
5	0.006951	0.002567
6	0.003185	0.001740
7	0.001452	0.001183
8	0.000690	0.000826
9	0.000299	0.000548
10	0.000100	0.000318
11	0.000050	0.000235
12	0.000018	0.000132
13	0.000012	0.000110
14	0.000003	0.000057

N	1000
r	0.512821
Steps	1e+005
Sample	1e+006

k	<x(k)>	SD[x(k)]
-14	0.000022	0.000147
-13	0.000045	0.000208
-12	0.000110	0.000329
-11	0.000194	0.000443
-10	0.000392	0.000612
-9	0.000798	0.000856
-8	0.001595	0.001269
-7	0.003341	0.001778
-6	0.006399	0.002508
-5	0.012576	0.003498
-4	0.024430	0.004641
-3	0.047071	0.006233
-2	0.093130	0.008648
-1	0.185624	0.011936
0	0.248832	0.013294
1	0.185323	0.012035
2	0.092722	0.008604
3	0.047465	0.006505
4	0.024553	0.004752
5	0.012350	0.003389
6	0.006469	0.002473
7	0.003151	0.001822
8	0.001640	0.001264
9	0.000807	0.000909
10	0.000412	0.000635
11	0.000238	0.000466
12	0.000106	0.000329
13	0.000078	0.000278
14	0.000043	0.000203

N	1000
r	0.602564
Steps	1e+005
Sample	1e+006

k	<x(k)>	SD[x(k)]
-14	0.000170	0.000409
-13	0.000323	0.000565
-12	0.000551	0.000778
-11	0.000889	0.001008
-10	0.001499	0.001244
-9	0.002607	0.001660
-8	0.004385	0.002141
-7	0.007432	0.002707
-6	0.012306	0.003454
-5	0.020843	0.004380
-4	0.034824	0.005521
-3	0.057494	0.007088
-2	0.096026	0.009019
-1	0.160109	0.011792
0	0.201190	0.012797
1	0.160204	0.011524
2	0.095903	0.008970
3	0.056857	0.007064
4	0.034329	0.005560
5	0.020982	0.004553
6	0.012562	0.003493
7	0.007413	0.002582
8	0.004436	0.002021
9	0.002675	0.001605
10	0.001618	0.001265
11	0.000928	0.000955
12	0.000526	0.000725
13	0.000306	0.000557
14	0.000166	0.000414

N	1000
r	0.692308
Steps	1e+005
Sample	1e+006

k	<x(k)>	SD[x(k)]
-14	0.000946	0.000979
-13	0.001432	0.001195
-12	0.002066	0.001442
-11	0.003076	0.001718
-10	0.004593	0.002070
-9	0.006568	0.002425
-8	0.009567	0.003026
-7	0.013811	0.003525
-6	0.020131	0.004270
-5	0.029580	0.005132
-4	0.043000	0.006197
-3	0.062753	0.007511
-2	0.090563	0.008721
-1	0.131529	0.010467
0	0.156158	0.011236
1	0.131809	0.011057
2	0.090756	0.009268
3	0.062672	0.007496
4	0.043325	0.006258
5	0.029747	0.005243
6	0.020646	0.004395
7	0.013965	0.003604
8	0.009461	0.003063
9	0.006502	0.002610
10	0.004374	0.002212
11	0.002976	0.001725
12	0.002030	0.001370
13	0.001388	0.001199
14	0.000920	0.000956

N	1000
r	0.782051
Steps	1e+005
Sample	1e+006

k	<x(k)>	SD[x(k)]
-14	0.003307	0.001819
-13	0.004377	0.002032
-12	0.005701	0.002279
-11	0.007448	0.002656
-10	0.009526	0.003055
-9	0.012551	0.003603
-8	0.016829	0.003931
-7	0.021945	0.004433
-6	0.028445	0.005010
-5	0.036156	0.005703
-4	0.047036	0.006706
-3	0.061124	0.007644
-2	0.078673	0.008547
-1	0.101053	0.009441
0	0.113132	0.010086
1	0.100738	0.009416
2	0.078249	0.008536
3	0.060995	0.007670
4	0.047519	0.006649
5	0.037085	0.005840
6	0.028741	0.005141
7	0.022083	0.004413
8	0.016891	0.003960
9	0.012775	0.003497
10	0.009639	0.002985
11	0.007231	0.002547
12	0.005552	0.002264
13	0.004270	0.002063
14	0.003231	0.001786

N	1000
r	0.871795
Steps	1e+005
Sample	1e+006

k	<x(k)>	SD[x(k)]
-14	0.009002	0.003023
-13	0.010788	0.003309
-12	0.012879	0.003442
-11	0.015414	0.003685
-10	0.018107	0.004297
-9	0.021016	0.004474
-8	0.024336	0.004867
-7	0.027797	0.005186
-6	0.031982	0.005437
-5	0.036779	0.006009
-4	0.042721	0.006403
-3	0.049333	0.006931
-2	0.056395	0.007573
-1	0.064717	0.008057
0	0.068721	0.008350
1	0.064250	0.007956
2	0.055269	0.007235
3	0.047912	0.006800
4	0.041346	0.006345
5	0.035919	0.005954
6	0.030911	0.005502
7	0.026577	0.005089
8	0.022630	0.004745
9	0.019598	0.004369
10	0.016982	0.004098
11	0.014634	0.003829
12	0.012516	0.003513
13	0.011053	0.003267
14	0.009533	0.003057

N	1000
r	0.961539
Steps	1e+005
Sample	1e+006

k	<x(k)>	SD[x(k)]
-14	0.014221	0.003746
-13	0.014888	0.003933
-12	0.015564	0.003931
-11	0.016567	0.004094
-10	0.017295	0.004219
-9	0.018283	0.004615
-8	0.019264	0.004914
-7	0.020217	0.005008
-6	0.021246	0.005184
-5	0.022386	0.005344
-4	0.023119	0.005377
-3	0.024314	0.005655
-2	0.025323	0.005816
-1	0.026525	0.006055
0	0.026999	0.006178
1	0.026425	0.006220
2	0.025309	0.006068
3	0.024176	0.005569
4	0.023351	0.005547
5	0.022566	0.005297
6	0.021535	0.005131
7	0.020142	0.005036
8	0.019045	0.004903
9	0.018007	0.004767
10	0.016983	0.004396
11	0.016067	0.004217
12	0.015229	0.004043
13	0.014626	0.003880
14	0.013779	0.003731

N	1000
r	0.333333
Steps	1e+005
Sample	1e+006

k	<x(k)>	SD[x(k)]
-14	0.000000	0.000000
-13	0.000000	0.000000
-12	0.000000	0.000000
-11	0.000002	0.000048
-10	0.000015	0.000120
-9	0.000054	0.000228
-8	0.000149	0.000379
-7	0.000430	0.000631
-6	0.001135	0.001031
-5	0.003229	0.001800
-4	0.008827	0.002957
-3	0.024476	0.004630
-2	0.067601	0.007118
-1	0.222584	0.011924
0	0.343497	0.015005
1	0.221897	0.012093
2	0.067495	0.007278
3	0.024763	0.004654
4	0.008848	0.002791
5	0.003202	0.001765
6	0.001163	0.001080
7	0.000409	0.000631
8	0.000155	0.000391
9	0.000040	0.000196
10	0.000020	0.000139
11	0.000005	0.000068
12	0.000005	0.000071
13	0.000001	0.000031
14	0.000000	0.000016

N	1000
r	0.333333
Steps	1e+005
Sample	1e+006

k	<x(k)>	SD[x(k)]
-14	0.000000	0.000000
-13	0.000000	0.000000
-12	0.000000	0.000000
-11	0.000002	0.000044
-10	0.000020	0.000146
-9	0.000056	0.000239
-8	0.000144	0.000379
-7	0.000394	0.000631
-6	0.001168	0.001070
-5	0.003238	0.001782
-4	0.009059	0.002918
-3	0.024981	0.004700
-2	0.068231	0.007280
-1	0.221642	0.011963
0	0.342204	0.014582
1	0.221953	0.012066
2	0.067927	0.007357
3	0.024774	0.004568
4	0.009046	0.002887
5	0.003251	0.001810
6	0.001218	0.001090
7	0.000439	0.000648
8	0.000162	0.000406
9	0.000056	0.000236
10	0.000024	0.000153
11	0.000007	0.000082
12	0.000003	0.000059
13	0.000001	0.000023
14	0.000000	0.000000
