
N	1000
lambda	0.700000
gamma	0.500000
mu	1.000000
Steps	1e+005
Sample	1e+006

k	<q(k)>	<vq(k)>
0	5.016027e-001	2.969512e-003
1	2.506721e-001	2.656301e-003
2	1.253694e-001	2.773171e-003
3	6.180828e-002	3.113911e-003
4	3.033117e-002	3.336542e-003
5	1.497994e-002	3.666048e-003
6	7.721880e-003	3.746119e-003
7	3.674465e-003	3.846357e-003
8	1.922026e-003	4.161459e-003
9	9.653103e-004	4.466128e-003
10	4.955079e-004	4.633373e-003
11	2.535793e-004	4.905903e-003
12	1.168828e-004	5.228777e-003
13	3.865086e-005	5.404816e-003
14	1.746328e-005	5.790428e-003



N	1000
lambda	0.700000
gamma	0.600000
mu	1.000000
Steps	1e+005
Sample	1e+006

k	<q(k)>	<vq(k)>
0	4.093218e-001	1.724593e-002
1	2.442029e-001	1.323035e-002
2	1.440894e-001	1.267518e-002
3	8.452949e-002	1.313944e-002
4	4.933806e-002	1.354030e-002
5	2.889498e-002	1.372361e-002
6	1.656291e-002	1.394845e-002
7	9.851680e-003	1.453859e-002
8	5.534255e-003	1.466383e-002
9	3.348243e-003	1.428983e-002
10	1.858133e-003	1.441850e-002
11	1.013211e-003	1.464310e-002
12	6.138879e-004	1.529143e-002
13	3.556213e-004	1.551825e-002
14	1.967173e-004	1.554168e-002



N	1000
lambda	0.700000
gamma	0.700000
mu	1.000000
Steps	1e+005
Sample	1e+006

k	<q(k)>	<vq(k)>
0	3.420047e-001	5.833268e-002
1	2.324496e-001	4.074759e-002
2	1.552959e-001	3.609934e-002
3	1.008264e-001	3.438141e-002
4	6.459344e-002	3.294781e-002
5	4.043149e-002	3.164784e-002
6	2.506087e-002	3.084053e-002
7	1.552939e-002	3.009160e-002
8	9.383767e-003	2.977612e-002
9	5.600574e-003	2.873959e-002
10	3.415257e-003	2.794107e-002
11	2.118953e-003	2.708673e-002
12	1.299078e-003	2.598090e-002
13	7.244549e-004	2.530183e-002
14	4.677204e-004	2.364401e-002



N	1000
lambda	0.700000
gamma	0.800000
mu	1.000000
Steps	1e+005
Sample	1e+006

k	<q(k)>	<vq(k)>
0	3.109074e-001	1.393710e-001
1	2.322907e-001	8.965834e-002
2	1.646083e-001	7.479990e-002
3	1.112784e-001	6.614893e-002
4	7.031691e-002	5.932972e-002
5	4.349495e-002	5.396907e-002
6	2.636904e-002	4.866246e-002
7	1.611225e-002	4.462296e-002
8	9.847669e-003	3.974131e-002
9	5.912399e-003	3.589602e-002
10	3.525469e-003	3.262105e-002
11	2.154272e-003	3.011084e-002
12	1.287673e-003	2.717960e-002
13	7.493746e-004	2.476762e-002
14	4.734829e-004	2.244222e-002



N	1000
lambda	0.700000
gamma	0.900000
mu	1.000000
Steps	1e+005
Sample	1e+006

k	<q(k)>	<vq(k)>
0	3.040928e-001	2.238423e-001
1	2.405161e-001	1.355272e-001
2	1.752891e-001	1.043028e-001
3	1.162477e-001	8.449272e-002
4	7.108194e-002	7.006992e-002
5	4.081280e-002	5.897825e-002
6	2.256975e-002	5.020096e-002
7	1.285209e-002	4.230891e-002
8	7.056668e-003	3.596202e-002
9	4.138478e-003	3.009322e-002
10	2.322697e-003	2.542965e-002
11	1.272784e-003	2.146495e-002
12	6.979818e-004	1.828907e-002
13	4.431389e-004	1.545700e-002
14	2.803678e-004	1.303369e-002



N	1000
lambda	0.700000
gamma	1.000000
mu	1.000000
Steps	1e+005
Sample	1e+006

k	<q(k)>	<vq(k)>
0	3.024048e-001	3.015637e-001
1	2.496425e-001	1.687892e-001
2	1.849879e-001	1.210041e-001
3	1.199117e-001	9.140679e-002
4	6.818165e-002	7.023869e-002
5	3.604435e-002	5.481562e-002
6	1.883237e-002	4.236042e-002
7	9.642742e-003	3.347719e-002
8	4.960870e-003	2.619943e-002
9	2.516554e-003	1.996116e-002
10	1.319623e-003	1.579874e-002
11	7.383396e-004	1.237699e-002
12	3.769888e-004	9.529864e-003
13	2.284266e-004	7.583348e-003
14	1.100165e-004	5.887107e-003



N	1000
lambda	0.700000
gamma	1.100000
mu	1.000000
Steps	1e+005
Sample	1e+006

k	<q(k)>	<vq(k)>
0	2.994577e-001	3.661616e-001
1	2.553562e-001	1.888370e-001
2	1.941119e-001	1.249247e-001
3	1.224455e-001	8.840417e-002
4	6.550978e-002	6.410803e-002
5	3.224086e-002	4.610166e-002
6	1.569887e-002	3.314778e-002
7	7.645331e-003	2.411810e-002
8	3.809955e-003	1.794496e-002
9	1.768232e-003	1.303524e-002
10	8.912923e-004	9.469848e-003
11	5.091180e-004	6.684761e-003
12	2.845816e-004	4.827544e-003
13	1.307967e-004	3.312852e-003
14	9.191793e-005	2.465312e-003



N	1000
lambda	0.700000
gamma	1.200000
mu	1.000000
Steps	1e+005
Sample	1e+006

k	<q(k)>	<vq(k)>
0	3.011931e-001	4.166386e-001
1	2.623275e-001	2.020991e-001
2	1.983291e-001	1.256388e-001
3	1.236594e-001	8.257498e-002
4	6.239784e-002	5.552954e-002
5	2.805457e-002	3.728328e-002
6	1.274898e-002	2.565565e-002
7	5.836656e-003	1.763687e-002
8	2.850311e-003	1.179894e-002
9	1.374760e-003	7.851696e-003
10	6.221427e-004	5.309789e-003
11	3.048194e-004	3.862687e-003
12	1.449560e-004	2.615140e-003
13	6.707496e-005	1.861104e-003
14	3.999845e-005	1.191274e-003



N	1000
lambda	0.700000
gamma	1.300000
mu	1.000000
Steps	1e+005
Sample	1e+006

k	<q(k)>	<vq(k)>
0	3.026617e-001	4.610743e-001
1	2.675034e-001	2.107862e-001
2	2.033466e-001	1.226436e-001
3	1.235093e-001	7.523543e-002
4	5.995980e-002	4.697974e-002
5	2.469123e-002	2.975445e-002
6	1.029029e-002	1.898575e-002
7	4.400547e-003	1.215238e-002
8	2.019228e-003	7.770741e-003
9	9.088989e-004	5.011954e-003
10	3.717845e-004	3.355373e-003
11	1.735146e-004	2.249412e-003
12	9.719201e-005	1.426957e-003
13	3.548550e-005	9.266454e-004
14	2.362267e-005	5.975032e-004



N	1000
lambda	0.700000
gamma	1.400000
mu	1.000000
Steps	1e+005
Sample	1e+006

k	<q(k)>	<vq(k)>
0	3.004415e-001	5.000100e-001
1	2.731538e-001	2.142655e-001
2	2.096962e-001	1.163026e-001
3	1.238009e-001	6.773518e-002
4	5.558671e-002	4.056955e-002
5	2.197155e-002	2.448485e-002
6	8.713373e-003	1.470434e-002
7	3.808968e-003	8.737710e-003
8	1.540945e-003	5.165433e-003
9	7.995706e-004	3.195642e-003
10	3.029079e-004	1.936816e-003
11	1.076643e-004	1.216285e-003
12	3.874174e-005	7.019781e-004
13	1.409591e-005	3.915831e-004
14	5.963704e-006	2.201684e-004



N	1000
lambda	0.700000
gamma	1.500000
mu	1.000000
Steps	1e+005
Sample	1e+006

k	<q(k)>	<vq(k)>
0	3.006945e-001	5.339088e-001
1	2.771921e-001	2.148762e-001
2	2.121645e-001	1.111310e-001
3	1.229350e-001	6.089423e-002
4	5.375468e-002	3.433535e-002
5	2.028298e-002	1.959617e-002
6	7.758260e-003	1.091985e-002
7	3.331048e-003	6.265530e-003
8	1.146902e-003	3.707158e-003
9	4.426241e-004	1.970825e-003
10	1.519179e-004	1.097047e-003
11	7.979452e-005	5.931948e-004
12	3.870883e-005	3.279306e-004
13	1.497081e-005	1.614154e-004
14	1.016738e-005	9.160213e-005



N	1000
lambda	0.700000
gamma	1.600000
mu	1.000000
Steps	1e+005
Sample	1e+006

k	<q(k)>	<vq(k)>
0	2.985156e-001	5.612556e-001
1	2.821948e-001	2.154995e-001
2	2.163573e-001	1.049177e-001
3	1.237693e-001	5.460253e-002
4	5.078971e-002	2.927603e-002
5	1.806411e-002	1.582585e-002
6	6.415624e-003	8.655416e-003
7	2.385320e-003	4.499361e-003
8	8.852138e-004	2.561451e-003
9	3.531681e-004	1.434430e-003
10	1.801225e-004	7.076179e-004
11	6.015678e-005	3.825331e-004
12	2.413606e-005	2.093751e-004
13	2.706417e-006	1.011900e-004
14	2.676494e-006	4.740113e-005



N	1000
lambda	0.700000
gamma	1.700000
mu	1.000000
Steps	1e+005
Sample	1e+006

k	<q(k)>	<vq(k)>
0	3.014706e-001	5.918265e-001
1	2.861627e-001	2.130618e-001
2	2.180444e-001	9.722139e-002
3	1.216732e-001	4.839877e-002
4	4.860938e-002	2.406244e-002
5	1.570626e-002	1.218744e-002
6	5.256999e-003	6.297955e-003
7	1.933748e-003	3.366303e-003
8	7.530784e-004	1.741239e-003
9	2.208629e-004	8.784740e-004
10	1.081398e-004	4.583223e-004
11	4.555927e-005	2.326561e-004
12	6.509248e-006	1.260725e-004
13	3.450622e-006	5.537231e-005
14	5.064868e-006	3.452352e-005



N	1000
lambda	0.700000
gamma	1.800000
mu	1.000000
Steps	1e+005
Sample	1e+006

k	<q(k)>	<vq(k)>
0	2.975534e-001	6.107376e-001
1	2.870442e-001	2.103804e-001
2	2.230298e-001	9.272889e-002
3	1.230337e-001	4.377750e-002
4	4.683065e-002	2.140794e-002
5	1.509568e-002	1.069172e-002
6	4.812879e-003	5.186166e-003
7	1.746691e-003	2.560969e-003
8	5.569484e-004	1.263872e-003
9	1.964965e-004	6.150004e-004
10	6.452843e-005	3.322856e-004
11	2.004697e-005	1.802104e-004
12	7.499000e-006	8.214479e-005
13	3.541019e-006	3.584293e-005
14	3.889275e-006	1.018346e-005



N	1000
lambda	0.700000
gamma	1.900000
mu	1.000000
Steps	1e+005
Sample	1e+006

k	<q(k)>	<vq(k)>
0	3.037818e-001	6.317559e-001
1	2.933093e-001	2.084173e-001
2	2.225330e-001	8.714111e-002
3	1.186405e-001	3.912706e-002
4	4.309738e-002	1.795160e-002
5	1.275835e-002	8.164888e-003
6	3.828350e-003	3.870663e-003
7	1.339247e-003	1.922673e-003
8	4.663168e-004	8.958925e-004
9	1.524431e-004	4.134137e-004
10	6.895215e-005	2.012589e-004
11	2.132153e-005	1.058591e-004
12	3.019704e-006	2.674712e-005
13	0.000000e+000	4.411048e-006
14	0.000000e+000	1.210808e-006


